19:38:52: Start random algorithm...
Shuffled list begin: [34, 85, 38, 99, 46, 55, 98, 91, 68, 42, 39, 7, 17, 12, 73, 54, 58, 88, 21, 95, 36, 77, 14, 25, 92, 11, 47, 22, 44, 69, 16, 2, 4, 80, 70, 81, 35, 40, 86, 1, 67, 6, 13, 27, 75, 23, 94, 24, 63, 89, 18, 97, 5, 3, 28, 30, 0, 66, 15, 49, 59, 72, 76, 29, 64, 93, 10, 78, 61, 31, 33, 45, 48, 50, 8, 87, 96, 32, 83, 43, 41, 62, 60, 82, 9, 90, 71, 52, 19]
Shuffled list begin: [34, 85, 38, 99, 46, 55, 98, 91, 68, 42, 39, 7, 17, 12, 73, 54, 58, 88, 21, 95, 36, 77, 14, 25, 92, 11, 47, 22, 44, 69, 16, 2, 4, 80, 70, 81, 35, 40, 86, 1, 67, 6, 13, 27, 75, 23, 94, 24, 63, 89, 18, 97, 5, 3, 28, 30, 0, 66, 15, 49, 59, 72, 76, 29, 64, 93, 10, 78, 61, 31, 33, 45, 48, 50, 8, 87, 96, 32, 83, 43, 41, 62, 60, 82, 9, 90, 71, 52, 19]
Shuffled list end: [34, 38, 99, 46, 55, 98, 91, 68, 42, 39, 7, 17, 12, 73, 54, 58, 88, 21, 95, 36, 77, 14, 25, 92, 11, 47, 22, 44, 69, 16, 2, 4, 80, 70, 81, 35, 40, 86, 1, 67, 6, 13, 27, 75, 23, 94, 24, 63, 89, 18, 97, 5, 3, 28, 30, 0, 66, 15, 49, 59, 72, 76, 29, 64, 93, 10, 78, 61, 31, 33, 45, 48, 50, 8, 87, 96, 32, 83, 43, 41, 62, 60, 82, 9, 90, 71, 52, 19]
Spaceship: 0
current_weight: 1990.5
current_volume: 6.405
parcel amount: 12
Shuffled list begin: [34, 38, 99, 46, 55, 98, 91, 68, 42, 39, 7, 17, 12, 73, 54, 58, 88, 21, 95, 36, 77, 14, 25, 92, 11, 47, 22, 44, 69, 16, 2, 4, 80, 70, 81, 35, 40, 86, 1, 67, 6, 13, 27, 75, 23, 94, 24, 63, 89, 18, 97, 5, 3, 28, 30, 0, 66, 15, 49, 59, 72, 76, 29, 64, 93, 10, 78, 61, 31, 33, 45, 48, 50, 8, 87, 96, 32, 83, 43, 41, 62, 60, 82, 9, 90, 71, 52, 19]
Shuffled list begin: [34, 38, 99, 46, 55, 98, 91, 68, 42, 39, 7, 17, 12, 73, 54, 58, 88, 21, 95, 36, 77, 14, 25, 92, 11, 47, 22, 44, 69, 16, 2, 4, 80, 70, 81, 35, 40, 86, 1, 67, 6, 13, 27, 75, 23, 94, 24, 63, 89, 18, 97, 5, 3, 28, 30, 0, 66, 15, 49, 59, 72, 76, 29, 64, 93, 10, 78, 61, 31, 33, 45, 48, 50, 8, 87, 96, 32, 83, 43, 41, 62, 60, 82, 9, 90, 71, 52, 19]
Shuffled list begin: [34, 38, 99, 46, 55, 98, 91, 68, 42, 39, 7, 17, 12, 73, 54, 58, 88, 21, 95, 36, 77, 14, 25, 92, 11, 47, 22, 44, 69, 16, 2, 4, 80, 70, 81, 35, 40, 86, 1, 67, 6, 13, 27, 75, 23, 94, 24, 63, 89, 18, 97, 5, 3, 28, 30, 0, 66, 15, 49, 59, 72, 76, 29, 64, 93, 10, 78, 61, 31, 33, 45, 48, 50, 8, 87, 96, 32, 83, 43, 41, 62, 60, 82, 9, 90, 71, 52, 19]
Shuffled list begin: [34, 38, 99, 46, 55, 98, 91, 68, 42, 39, 7, 17, 12, 73, 54, 58, 88, 21, 95, 36, 77, 14, 25, 92, 11, 47, 22, 44, 69, 16, 2, 4, 80, 70, 81, 35, 40, 86, 1, 67, 6, 13, 27, 75, 23, 94, 24, 63, 89, 18, 97, 5, 3, 28, 30, 0, 66, 15, 49, 59, 72, 76, 29, 64, 93, 10, 78, 61, 31, 33, 45, 48, 50, 8, 87, 96, 32, 83, 43, 41, 62, 60, 82, 9, 90, 71, 52, 19]
Shuffled list begin: [34, 38, 99, 46, 55, 98, 91, 68, 42, 39, 7, 17, 12, 73, 54, 58, 88, 21, 95, 36, 77, 14, 25, 92, 11, 47, 22, 44, 69, 16, 2, 4, 80, 70, 81, 35, 40, 86, 1, 67, 6, 13, 27, 75, 23, 94, 24, 63, 89, 18, 97, 5, 3, 28, 30, 0, 66, 15, 49, 59, 72, 76, 29, 64, 93, 10, 78, 61, 31, 33, 45, 48, 50, 8, 87, 96, 32, 83, 43, 41, 62, 60, 82, 9, 90, 71, 52, 19]
Shuffled list begin: [34, 38, 99, 46, 55, 98, 91, 68, 42, 39, 7, 17, 12, 73, 54, 58, 88, 21, 95, 36, 77, 14, 25, 92, 11, 47, 22, 44, 69, 16, 2, 4, 80, 70, 81, 35, 40, 86, 1, 67, 6, 13, 27, 75, 23, 94, 24, 63, 89, 18, 97, 5, 3, 28, 30, 0, 66, 15, 49, 59, 72, 76, 29, 64, 93, 10, 78, 61, 31, 33, 45, 48, 50, 8, 87, 96, 32, 83, 43, 41, 62, 60, 82, 9, 90, 71, 52, 19]
Shuffled list begin: [34, 38, 99, 46, 55, 98, 91, 68, 42, 39, 7, 17, 12, 73, 54, 58, 88, 21, 95, 36, 77, 14, 25, 92, 11, 47, 22, 44, 69, 16, 2, 4, 80, 70, 81, 35, 40, 86, 1, 67, 6, 13, 27, 75, 23, 94, 24, 63, 89, 18, 97, 5, 3, 28, 30, 0, 66, 15, 49, 59, 72, 76, 29, 64, 93, 10, 78, 61, 31, 33, 45, 48, 50, 8, 87, 96, 32, 83, 43, 41, 62, 60, 82, 9, 90, 71, 52, 19]
Shuffled list begin: [34, 38, 99, 46, 55, 98, 91, 68, 42, 39, 7, 17, 12, 73, 54, 58, 88, 21, 95, 36, 77, 14, 25, 92, 11, 47, 22, 44, 69, 16, 2, 4, 80, 70, 81, 35, 40, 86, 1, 67, 6, 13, 27, 75, 23, 94, 24, 63, 89, 18, 97, 5, 3, 28, 30, 0, 66, 15, 49, 59, 72, 76, 29, 64, 93, 10, 78, 61, 31, 33, 45, 48, 50, 8, 87, 96, 32, 83, 43, 41, 62, 60, 82, 9, 90, 71, 52, 19]
Shuffled list begin: [34, 38, 99, 46, 55, 98, 91, 68, 42, 39, 7, 17, 12, 73, 54, 58, 88, 21, 95, 36, 77, 14, 25, 92, 11, 47, 22, 44, 69, 16, 2, 4, 80, 70, 81, 35, 40, 86, 1, 67, 6, 13, 27, 75, 23, 94, 24, 63, 89, 18, 97, 5, 3, 28, 30, 0, 66, 15, 49, 59, 72, 76, 29, 64, 93, 10, 78, 61, 31, 33, 45, 48, 50, 8, 87, 96, 32, 83, 43, 41, 62, 60, 82, 9, 90, 71, 52, 19]
Shuffled list begin: [34, 38, 99, 46, 55, 98, 91, 68, 42, 39, 7, 17, 12, 73, 54, 58, 88, 21, 95, 36, 77, 14, 25, 92, 11, 47, 22, 44, 69, 16, 2, 4, 80, 70, 81, 35, 40, 86, 1, 67, 6, 13, 27, 75, 23, 94, 24, 63, 89, 18, 97, 5, 3, 28, 30, 0, 66, 15, 49, 59, 72, 76, 29, 64, 93, 10, 78, 61, 31, 33, 45, 48, 50, 8, 87, 96, 32, 83, 43, 41, 62, 60, 82, 9, 90, 71, 52, 19]
Shuffled list begin: [34, 38, 99, 46, 55, 98, 91, 68, 42, 39, 7, 17, 12, 73, 54, 58, 88, 21, 95, 36, 77, 14, 25, 92, 11, 47, 22, 44, 69, 16, 2, 4, 80, 70, 81, 35, 40, 86, 1, 67, 6, 13, 27, 75, 23, 94, 24, 63, 89, 18, 97, 5, 3, 28, 30, 0, 66, 15, 49, 59, 72, 76, 29, 64, 93, 10, 78, 61, 31, 33, 45, 48, 50, 8, 87, 96, 32, 83, 43, 41, 62, 60, 82, 9, 90, 71, 52, 19]
Shuffled list begin: [34, 38, 99, 46, 55, 98, 91, 68, 42, 39, 7, 17, 12, 73, 54, 58, 88, 21, 95, 36, 77, 14, 25, 92, 11, 47, 22, 44, 69, 16, 2, 4, 80, 70, 81, 35, 40, 86, 1, 67, 6, 13, 27, 75, 23, 94, 24, 63, 89, 18, 97, 5, 3, 28, 30, 0, 66, 15, 49, 59, 72, 76, 29, 64, 93, 10, 78, 61, 31, 33, 45, 48, 50, 8, 87, 96, 32, 83, 43, 41, 62, 60, 82, 9, 90, 71, 52, 19]
Shuffled list begin: [34, 38, 99, 46, 55, 98, 91, 68, 42, 39, 7, 17, 12, 73, 54, 58, 88, 21, 95, 36, 77, 14, 25, 92, 11, 47, 22, 44, 69, 16, 2, 4, 80, 70, 81, 35, 40, 86, 1, 67, 6, 13, 27, 75, 23, 94, 24, 63, 89, 18, 97, 5, 3, 28, 30, 0, 66, 15, 49, 59, 72, 76, 29, 64, 93, 10, 78, 61, 31, 33, 45, 48, 50, 8, 87, 96, 32, 83, 43, 41, 62, 60, 82, 9, 90, 71, 52, 19]
Shuffled list begin: [34, 38, 99, 46, 55, 98, 91, 68, 42, 39, 7, 17, 12, 73, 54, 58, 88, 21, 95, 36, 77, 14, 25, 92, 11, 47, 22, 44, 69, 16, 2, 4, 80, 70, 81, 35, 40, 86, 1, 67, 6, 13, 27, 75, 23, 94, 24, 63, 89, 18, 97, 5, 3, 28, 30, 0, 66, 15, 49, 59, 72, 76, 29, 64, 93, 10, 78, 61, 31, 33, 45, 48, 50, 8, 87, 96, 32, 83, 43, 41, 62, 60, 82, 9, 90, 71, 52, 19]
Shuffled list begin: [34, 38, 99, 46, 55, 98, 91, 68, 42, 39, 7, 17, 12, 73, 54, 58, 88, 21, 95, 36, 77, 14, 25, 92, 11, 47, 22, 44, 69, 16, 2, 4, 80, 70, 81, 35, 40, 86, 1, 67, 6, 13, 27, 75, 23, 94, 24, 63, 89, 18, 97, 5, 3, 28, 30, 0, 66, 15, 49, 59, 72, 76, 29, 64, 93, 10, 78, 61, 31, 33, 45, 48, 50, 8, 87, 96, 32, 83, 43, 41, 62, 60, 82, 9, 90, 71, 52, 19]
Shuffled list begin: [34, 38, 99, 46, 55, 98, 91, 68, 42, 39, 7, 17, 12, 73, 54, 58, 88, 21, 95, 36, 77, 14, 25, 92, 11, 47, 22, 44, 69, 16, 2, 4, 80, 70, 81, 35, 40, 86, 1, 67, 6, 13, 27, 75, 23, 94, 24, 63, 89, 18, 97, 5, 3, 28, 30, 0, 66, 15, 49, 59, 72, 76, 29, 64, 93, 10, 78, 61, 31, 33, 45, 48, 50, 8, 87, 96, 32, 83, 43, 41, 62, 60, 82, 9, 90, 71, 52, 19]
Shuffled list begin: [34, 38, 99, 46, 55, 98, 91, 68, 42, 39, 7, 17, 12, 73, 54, 58, 88, 21, 95, 36, 77, 14, 25, 92, 11, 47, 22, 44, 69, 16, 2, 4, 80, 70, 81, 35, 40, 86, 1, 67, 6, 13, 27, 75, 23, 94, 24, 63, 89, 18, 97, 5, 3, 28, 30, 0, 66, 15, 49, 59, 72, 76, 29, 64, 93, 10, 78, 61, 31, 33, 45, 48, 50, 8, 87, 96, 32, 83, 43, 41, 62, 60, 82, 9, 90, 71, 52, 19]
Shuffled list begin: [34, 38, 99, 46, 55, 98, 91, 68, 42, 39, 7, 17, 12, 73, 54, 58, 88, 21, 95, 36, 77, 14, 25, 92, 11, 47, 22, 44, 69, 16, 2, 4, 80, 70, 81, 35, 40, 86, 1, 67, 6, 13, 27, 75, 23, 94, 24, 63, 89, 18, 97, 5, 3, 28, 30, 0, 66, 15, 49, 59, 72, 76, 29, 64, 93, 10, 78, 61, 31, 33, 45, 48, 50, 8, 87, 96, 32, 83, 43, 41, 62, 60, 82, 9, 90, 71, 52, 19]
Shuffled list begin: [34, 38, 99, 46, 55, 98, 91, 68, 42, 39, 7, 17, 12, 73, 54, 58, 88, 21, 95, 36, 77, 14, 25, 92, 11, 47, 22, 44, 69, 16, 2, 4, 80, 70, 81, 35, 40, 86, 1, 67, 6, 13, 27, 75, 23, 94, 24, 63, 89, 18, 97, 5, 3, 28, 30, 0, 66, 15, 49, 59, 72, 76, 29, 64, 93, 10, 78, 61, 31, 33, 45, 48, 50, 8, 87, 96, 32, 83, 43, 41, 62, 60, 82, 9, 90, 71, 52, 19]
Shuffled list begin: [34, 38, 99, 46, 55, 98, 91, 68, 42, 39, 7, 17, 12, 73, 54, 58, 88, 21, 95, 36, 77, 14, 25, 92, 11, 47, 22, 44, 69, 16, 2, 4, 80, 70, 81, 35, 40, 86, 1, 67, 6, 13, 27, 75, 23, 94, 24, 63, 89, 18, 97, 5, 3, 28, 30, 0, 66, 15, 49, 59, 72, 76, 29, 64, 93, 10, 78, 61, 31, 33, 45, 48, 50, 8, 87, 96, 32, 83, 43, 41, 62, 60, 82, 9, 90, 71, 52, 19]
Shuffled list begin: [34, 38, 99, 46, 55, 98, 91, 68, 42, 39, 7, 17, 12, 73, 54, 58, 88, 21, 95, 36, 77, 14, 25, 92, 11, 47, 22, 44, 69, 16, 2, 4, 80, 70, 81, 35, 40, 86, 1, 67, 6, 13, 27, 75, 23, 94, 24, 63, 89, 18, 97, 5, 3, 28, 30, 0, 66, 15, 49, 59, 72, 76, 29, 64, 93, 10, 78, 61, 31, 33, 45, 48, 50, 8, 87, 96, 32, 83, 43, 41, 62, 60, 82, 9, 90, 71, 52, 19]
Shuffled list begin: [34, 38, 99, 46, 55, 98, 91, 68, 42, 39, 7, 17, 12, 73, 54, 58, 88, 21, 95, 36, 77, 14, 25, 92, 11, 47, 22, 44, 69, 16, 2, 4, 80, 70, 81, 35, 40, 86, 1, 67, 6, 13, 27, 75, 23, 94, 24, 63, 89, 18, 97, 5, 3, 28, 30, 0, 66, 15, 49, 59, 72, 76, 29, 64, 93, 10, 78, 61, 31, 33, 45, 48, 50, 8, 87, 96, 32, 83, 43, 41, 62, 60, 82, 9, 90, 71, 52, 19]
Shuffled list begin: [34, 38, 99, 46, 55, 98, 91, 68, 42, 39, 7, 17, 12, 73, 54, 58, 88, 21, 95, 36, 77, 14, 25, 92, 11, 47, 22, 44, 69, 16, 2, 4, 80, 70, 81, 35, 40, 86, 1, 67, 6, 13, 27, 75, 23, 94, 24, 63, 89, 18, 97, 5, 3, 28, 30, 0, 66, 15, 49, 59, 72, 76, 29, 64, 93, 10, 78, 61, 31, 33, 45, 48, 50, 8, 87, 96, 32, 83, 43, 41, 62, 60, 82, 9, 90, 71, 52, 19]
Shuffled list begin: [34, 38, 99, 46, 55, 98, 91, 68, 42, 39, 7, 17, 12, 73, 54, 58, 88, 21, 95, 36, 77, 14, 25, 92, 11, 47, 22, 44, 69, 16, 2, 4, 80, 70, 81, 35, 40, 86, 1, 67, 6, 13, 27, 75, 23, 94, 24, 63, 89, 18, 97, 5, 3, 28, 30, 0, 66, 15, 49, 59, 72, 76, 29, 64, 93, 10, 78, 61, 31, 33, 45, 48, 50, 8, 87, 96, 32, 83, 43, 41, 62, 60, 82, 9, 90, 71, 52, 19]
Shuffled list begin: [34, 38, 99, 46, 55, 98, 91, 68, 42, 39, 7, 17, 12, 73, 54, 58, 88, 21, 95, 36, 77, 14, 25, 92, 11, 47, 22, 44, 69, 16, 2, 4, 80, 70, 81, 35, 40, 86, 1, 67, 6, 13, 27, 75, 23, 94, 24, 63, 89, 18, 97, 5, 3, 28, 30, 0, 66, 15, 49, 59, 72, 76, 29, 64, 93, 10, 78, 61, 31, 33, 45, 48, 50, 8, 87, 96, 32, 83, 43, 41, 62, 60, 82, 9, 90, 71, 52, 19]
Shuffled list begin: [34, 38, 99, 46, 55, 98, 91, 68, 42, 39, 7, 17, 12, 73, 54, 58, 88, 21, 95, 36, 77, 14, 25, 92, 11, 47, 22, 44, 69, 16, 2, 4, 80, 70, 81, 35, 40, 86, 1, 67, 6, 13, 27, 75, 23, 94, 24, 63, 89, 18, 97, 5, 3, 28, 30, 0, 66, 15, 49, 59, 72, 76, 29, 64, 93, 10, 78, 61, 31, 33, 45, 48, 50, 8, 87, 96, 32, 83, 43, 41, 62, 60, 82, 9, 90, 71, 52, 19]
Shuffled list begin: [34, 38, 99, 46, 55, 98, 91, 68, 42, 39, 7, 17, 12, 73, 54, 58, 88, 21, 95, 36, 77, 14, 25, 92, 11, 47, 22, 44, 69, 16, 2, 4, 80, 70, 81, 35, 40, 86, 1, 67, 6, 13, 27, 75, 23, 94, 24, 63, 89, 18, 97, 5, 3, 28, 30, 0, 66, 15, 49, 59, 72, 76, 29, 64, 93, 10, 78, 61, 31, 33, 45, 48, 50, 8, 87, 96, 32, 83, 43, 41, 62, 60, 82, 9, 90, 71, 52, 19]
Shuffled list begin: [34, 38, 99, 46, 55, 98, 91, 68, 42, 39, 7, 17, 12, 73, 54, 58, 88, 21, 95, 36, 77, 14, 25, 92, 11, 47, 22, 44, 69, 16, 2, 4, 80, 70, 81, 35, 40, 86, 1, 67, 6, 13, 27, 75, 23, 94, 24, 63, 89, 18, 97, 5, 3, 28, 30, 0, 66, 15, 49, 59, 72, 76, 29, 64, 93, 10, 78, 61, 31, 33, 45, 48, 50, 8, 87, 96, 32, 83, 43, 41, 62, 60, 82, 9, 90, 71, 52, 19]
Shuffled list begin: [34, 38, 99, 46, 55, 98, 91, 68, 42, 39, 7, 17, 12, 73, 54, 58, 88, 21, 95, 36, 77, 14, 25, 92, 11, 47, 22, 44, 69, 16, 2, 4, 80, 70, 81, 35, 40, 86, 1, 67, 6, 13, 27, 75, 23, 94, 24, 63, 89, 18, 97, 5, 3, 28, 30, 0, 66, 15, 49, 59, 72, 76, 29, 64, 93, 10, 78, 61, 31, 33, 45, 48, 50, 8, 87, 96, 32, 83, 43, 41, 62, 60, 82, 9, 90, 71, 52, 19]
Shuffled list begin: [34, 38, 99, 46, 55, 98, 91, 68, 42, 39, 7, 17, 12, 73, 54, 58, 88, 21, 95, 36, 77, 14, 25, 92, 11, 47, 22, 44, 69, 16, 2, 4, 80, 70, 81, 35, 40, 86, 1, 67, 6, 13, 27, 75, 23, 94, 24, 63, 89, 18, 97, 5, 3, 28, 30, 0, 66, 15, 49, 59, 72, 76, 29, 64, 93, 10, 78, 61, 31, 33, 45, 48, 50, 8, 87, 96, 32, 83, 43, 41, 62, 60, 82, 9, 90, 71, 52, 19]
Shuffled list begin: [34, 38, 99, 46, 55, 98, 91, 68, 42, 39, 7, 17, 12, 73, 54, 58, 88, 21, 95, 36, 77, 14, 25, 92, 11, 47, 22, 44, 69, 16, 2, 4, 80, 70, 81, 35, 40, 86, 1, 67, 6, 13, 27, 75, 23, 94, 24, 63, 89, 18, 97, 5, 3, 28, 30, 0, 66, 15, 49, 59, 72, 76, 29, 64, 93, 10, 78, 61, 31, 33, 45, 48, 50, 8, 87, 96, 32, 83, 43, 41, 62, 60, 82, 9, 90, 71, 52, 19]
Shuffled list begin: [34, 38, 99, 46, 55, 98, 91, 68, 42, 39, 7, 17, 12, 73, 54, 58, 88, 21, 95, 36, 77, 14, 25, 92, 11, 47, 22, 44, 69, 16, 2, 4, 80, 70, 81, 35, 40, 86, 1, 67, 6, 13, 27, 75, 23, 94, 24, 63, 89, 18, 97, 5, 3, 28, 30, 0, 66, 15, 49, 59, 72, 76, 29, 64, 93, 10, 78, 61, 31, 33, 45, 48, 50, 8, 87, 96, 32, 83, 43, 41, 62, 60, 82, 9, 90, 71, 52, 19]
Shuffled list begin: [34, 38, 99, 46, 55, 98, 91, 68, 42, 39, 7, 17, 12, 73, 54, 58, 88, 21, 95, 36, 77, 14, 25, 92, 11, 47, 22, 44, 69, 16, 2, 4, 80, 70, 81, 35, 40, 86, 1, 67, 6, 13, 27, 75, 23, 94, 24, 63, 89, 18, 97, 5, 3, 28, 30, 0, 66, 15, 49, 59, 72, 76, 29, 64, 93, 10, 78, 61, 31, 33, 45, 48, 50, 8, 87, 96, 32, 83, 43, 41, 62, 60, 82, 9, 90, 71, 52, 19]
Shuffled list begin: [34, 38, 99, 46, 55, 98, 91, 68, 42, 39, 7, 17, 12, 73, 54, 58, 88, 21, 95, 36, 77, 14, 25, 92, 11, 47, 22, 44, 69, 16, 2, 4, 80, 70, 81, 35, 40, 86, 1, 67, 6, 13, 27, 75, 23, 94, 24, 63, 89, 18, 97, 5, 3, 28, 30, 0, 66, 15, 49, 59, 72, 76, 29, 64, 93, 10, 78, 61, 31, 33, 45, 48, 50, 8, 87, 96, 32, 83, 43, 41, 62, 60, 82, 9, 90, 71, 52, 19]
Shuffled list begin: [34, 38, 99, 46, 55, 98, 91, 68, 42, 39, 7, 17, 12, 73, 54, 58, 88, 21, 95, 36, 77, 14, 25, 92, 11, 47, 22, 44, 69, 16, 2, 4, 80, 70, 81, 35, 40, 86, 1, 67, 6, 13, 27, 75, 23, 94, 24, 63, 89, 18, 97, 5, 3, 28, 30, 0, 66, 15, 49, 59, 72, 76, 29, 64, 93, 10, 78, 61, 31, 33, 45, 48, 50, 8, 87, 96, 32, 83, 43, 41, 62, 60, 82, 9, 90, 71, 52, 19]
Shuffled list begin: [34, 38, 99, 46, 55, 98, 91, 68, 42, 39, 7, 17, 12, 73, 54, 58, 88, 21, 95, 36, 77, 14, 25, 92, 11, 47, 22, 44, 69, 16, 2, 4, 80, 70, 81, 35, 40, 86, 1, 67, 6, 13, 27, 75, 23, 94, 24, 63, 89, 18, 97, 5, 3, 28, 30, 0, 66, 15, 49, 59, 72, 76, 29, 64, 93, 10, 78, 61, 31, 33, 45, 48, 50, 8, 87, 96, 32, 83, 43, 41, 62, 60, 82, 9, 90, 71, 52, 19]
Shuffled list begin: [34, 38, 99, 46, 55, 98, 91, 68, 42, 39, 7, 17, 12, 73, 54, 58, 88, 21, 95, 36, 77, 14, 25, 92, 11, 47, 22, 44, 69, 16, 2, 4, 80, 70, 81, 35, 40, 86, 1, 67, 6, 13, 27, 75, 23, 94, 24, 63, 89, 18, 97, 5, 3, 28, 30, 0, 66, 15, 49, 59, 72, 76, 29, 64, 93, 10, 78, 61, 31, 33, 45, 48, 50, 8, 87, 96, 32, 83, 43, 41, 62, 60, 82, 9, 90, 71, 52, 19]
Shuffled list begin: [34, 38, 99, 46, 55, 98, 91, 68, 42, 39, 7, 17, 12, 73, 54, 58, 88, 21, 95, 36, 77, 14, 25, 92, 11, 47, 22, 44, 69, 16, 2, 4, 80, 70, 81, 35, 40, 86, 1, 67, 6, 13, 27, 75, 23, 94, 24, 63, 89, 18, 97, 5, 3, 28, 30, 0, 66, 15, 49, 59, 72, 76, 29, 64, 93, 10, 78, 61, 31, 33, 45, 48, 50, 8, 87, 96, 32, 83, 43, 41, 62, 60, 82, 9, 90, 71, 52, 19]
Shuffled list begin: [34, 38, 99, 46, 55, 98, 91, 68, 42, 39, 7, 17, 12, 73, 54, 58, 88, 21, 95, 36, 77, 14, 25, 92, 11, 47, 22, 44, 69, 16, 2, 4, 80, 70, 81, 35, 40, 86, 1, 67, 6, 13, 27, 75, 23, 94, 24, 63, 89, 18, 97, 5, 3, 28, 30, 0, 66, 15, 49, 59, 72, 76, 29, 64, 93, 10, 78, 61, 31, 33, 45, 48, 50, 8, 87, 96, 32, 83, 43, 41, 62, 60, 82, 9, 90, 71, 52, 19]
Shuffled list begin: [34, 38, 99, 46, 55, 98, 91, 68, 42, 39, 7, 17, 12, 73, 54, 58, 88, 21, 95, 36, 77, 14, 25, 92, 11, 47, 22, 44, 69, 16, 2, 4, 80, 70, 81, 35, 40, 86, 1, 67, 6, 13, 27, 75, 23, 94, 24, 63, 89, 18, 97, 5, 3, 28, 30, 0, 66, 15, 49, 59, 72, 76, 29, 64, 93, 10, 78, 61, 31, 33, 45, 48, 50, 8, 87, 96, 32, 83, 43, 41, 62, 60, 82, 9, 90, 71, 52, 19]
Shuffled list begin: [34, 38, 99, 46, 55, 98, 91, 68, 42, 39, 7, 17, 12, 73, 54, 58, 88, 21, 95, 36, 77, 14, 25, 92, 11, 47, 22, 44, 69, 16, 2, 4, 80, 70, 81, 35, 40, 86, 1, 67, 6, 13, 27, 75, 23, 94, 24, 63, 89, 18, 97, 5, 3, 28, 30, 0, 66, 15, 49, 59, 72, 76, 29, 64, 93, 10, 78, 61, 31, 33, 45, 48, 50, 8, 87, 96, 32, 83, 43, 41, 62, 60, 82, 9, 90, 71, 52, 19]
Shuffled list begin: [34, 38, 99, 46, 55, 98, 91, 68, 42, 39, 7, 17, 12, 73, 54, 58, 88, 21, 95, 36, 77, 14, 25, 92, 11, 47, 22, 44, 69, 16, 2, 4, 80, 70, 81, 35, 40, 86, 1, 67, 6, 13, 27, 75, 23, 94, 24, 63, 89, 18, 97, 5, 3, 28, 30, 0, 66, 15, 49, 59, 72, 76, 29, 64, 93, 10, 78, 61, 31, 33, 45, 48, 50, 8, 87, 96, 32, 83, 43, 41, 62, 60, 82, 9, 90, 71, 52, 19]
Shuffled list begin: [34, 38, 99, 46, 55, 98, 91, 68, 42, 39, 7, 17, 12, 73, 54, 58, 88, 21, 95, 36, 77, 14, 25, 92, 11, 47, 22, 44, 69, 16, 2, 4, 80, 70, 81, 35, 40, 86, 1, 67, 6, 13, 27, 75, 23, 94, 24, 63, 89, 18, 97, 5, 3, 28, 30, 0, 66, 15, 49, 59, 72, 76, 29, 64, 93, 10, 78, 61, 31, 33, 45, 48, 50, 8, 87, 96, 32, 83, 43, 41, 62, 60, 82, 9, 90, 71, 52, 19]
Shuffled list begin: [34, 38, 99, 46, 55, 98, 91, 68, 42, 39, 7, 17, 12, 73, 54, 58, 88, 21, 95, 36, 77, 14, 25, 92, 11, 47, 22, 44, 69, 16, 2, 4, 80, 70, 81, 35, 40, 86, 1, 67, 6, 13, 27, 75, 23, 94, 24, 63, 89, 18, 97, 5, 3, 28, 30, 0, 66, 15, 49, 59, 72, 76, 29, 64, 93, 10, 78, 61, 31, 33, 45, 48, 50, 8, 87, 96, 32, 83, 43, 41, 62, 60, 82, 9, 90, 71, 52, 19]
Shuffled list begin: [34, 38, 99, 46, 55, 98, 91, 68, 42, 39, 7, 17, 12, 73, 54, 58, 88, 21, 95, 36, 77, 14, 25, 92, 11, 47, 22, 44, 69, 16, 2, 4, 80, 70, 81, 35, 40, 86, 1, 67, 6, 13, 27, 75, 23, 94, 24, 63, 89, 18, 97, 5, 3, 28, 30, 0, 66, 15, 49, 59, 72, 76, 29, 64, 93, 10, 78, 61, 31, 33, 45, 48, 50, 8, 87, 96, 32, 83, 43, 41, 62, 60, 82, 9, 90, 71, 52, 19]
Shuffled list begin: [34, 38, 99, 46, 55, 98, 91, 68, 42, 39, 7, 17, 12, 73, 54, 58, 88, 21, 95, 36, 77, 14, 25, 92, 11, 47, 22, 44, 69, 16, 2, 4, 80, 70, 81, 35, 40, 86, 1, 67, 6, 13, 27, 75, 23, 94, 24, 63, 89, 18, 97, 5, 3, 28, 30, 0, 66, 15, 49, 59, 72, 76, 29, 64, 93, 10, 78, 61, 31, 33, 45, 48, 50, 8, 87, 96, 32, 83, 43, 41, 62, 60, 82, 9, 90, 71, 52, 19]
Shuffled list begin: [34, 38, 99, 46, 55, 98, 91, 68, 42, 39, 7, 17, 12, 73, 54, 58, 88, 21, 95, 36, 77, 14, 25, 92, 11, 47, 22, 44, 69, 16, 2, 4, 80, 70, 81, 35, 40, 86, 1, 67, 6, 13, 27, 75, 23, 94, 24, 63, 89, 18, 97, 5, 3, 28, 30, 0, 66, 15, 49, 59, 72, 76, 29, 64, 93, 10, 78, 61, 31, 33, 45, 48, 50, 8, 87, 96, 32, 83, 43, 41, 62, 60, 82, 9, 90, 71, 52, 19]
Shuffled list begin: [34, 38, 99, 46, 55, 98, 91, 68, 42, 39, 7, 17, 12, 73, 54, 58, 88, 21, 95, 36, 77, 14, 25, 92, 11, 47, 22, 44, 69, 16, 2, 4, 80, 70, 81, 35, 40, 86, 1, 67, 6, 13, 27, 75, 23, 94, 24, 63, 89, 18, 97, 5, 3, 28, 30, 0, 66, 15, 49, 59, 72, 76, 29, 64, 93, 10, 78, 61, 31, 33, 45, 48, 50, 8, 87, 96, 32, 83, 43, 41, 62, 60, 82, 9, 90, 71, 52, 19]
Shuffled list begin: [34, 38, 99, 46, 55, 98, 91, 68, 42, 39, 7, 17, 12, 73, 54, 58, 88, 21, 95, 36, 77, 14, 25, 92, 11, 47, 22, 44, 69, 16, 2, 4, 80, 70, 81, 35, 40, 86, 1, 67, 6, 13, 27, 75, 23, 94, 24, 63, 89, 18, 97, 5, 3, 28, 30, 0, 66, 15, 49, 59, 72, 76, 29, 64, 93, 10, 78, 61, 31, 33, 45, 48, 50, 8, 87, 96, 32, 83, 43, 41, 62, 60, 82, 9, 90, 71, 52, 19]
Shuffled list begin: [34, 38, 99, 46, 55, 98, 91, 68, 42, 39, 7, 17, 12, 73, 54, 58, 88, 21, 95, 36, 77, 14, 25, 92, 11, 47, 22, 44, 69, 16, 2, 4, 80, 70, 81, 35, 40, 86, 1, 67, 6, 13, 27, 75, 23, 94, 24, 63, 89, 18, 97, 5, 3, 28, 30, 0, 66, 15, 49, 59, 72, 76, 29, 64, 93, 10, 78, 61, 31, 33, 45, 48, 50, 8, 87, 96, 32, 83, 43, 41, 62, 60, 82, 9, 90, 71, 52, 19]
Shuffled list begin: [34, 38, 99, 46, 55, 98, 91, 68, 42, 39, 7, 17, 12, 73, 54, 58, 88, 21, 95, 36, 77, 14, 25, 92, 11, 47, 22, 44, 69, 16, 2, 4, 80, 70, 81, 35, 40, 86, 1, 67, 6, 13, 27, 75, 23, 94, 24, 63, 89, 18, 97, 5, 3, 28, 30, 0, 66, 15, 49, 59, 72, 76, 29, 64, 93, 10, 78, 61, 31, 33, 45, 48, 50, 8, 87, 96, 32, 83, 43, 41, 62, 60, 82, 9, 90, 71, 52, 19]
Shuffled list begin: [34, 38, 99, 46, 55, 98, 91, 68, 42, 39, 7, 17, 12, 73, 54, 58, 88, 21, 95, 36, 77, 14, 25, 92, 11, 47, 22, 44, 69, 16, 2, 4, 80, 70, 81, 35, 40, 86, 1, 67, 6, 13, 27, 75, 23, 94, 24, 63, 89, 18, 97, 5, 3, 28, 30, 0, 66, 15, 49, 59, 72, 76, 29, 64, 93, 10, 78, 61, 31, 33, 45, 48, 50, 8, 87, 96, 32, 83, 43, 41, 62, 60, 82, 9, 90, 71, 52, 19]
Shuffled list begin: [34, 38, 99, 46, 55, 98, 91, 68, 42, 39, 7, 17, 12, 73, 54, 58, 88, 21, 95, 36, 77, 14, 25, 92, 11, 47, 22, 44, 69, 16, 2, 4, 80, 70, 81, 35, 40, 86, 1, 67, 6, 13, 27, 75, 23, 94, 24, 63, 89, 18, 97, 5, 3, 28, 30, 0, 66, 15, 49, 59, 72, 76, 29, 64, 93, 10, 78, 61, 31, 33, 45, 48, 50, 8, 87, 96, 32, 83, 43, 41, 62, 60, 82, 9, 90, 71, 52, 19]
Shuffled list begin: [34, 38, 99, 46, 55, 98, 91, 68, 42, 39, 7, 17, 12, 73, 54, 58, 88, 21, 95, 36, 77, 14, 25, 92, 11, 47, 22, 44, 69, 16, 2, 4, 80, 70, 81, 35, 40, 86, 1, 67, 6, 13, 27, 75, 23, 94, 24, 63, 89, 18, 97, 5, 3, 28, 30, 0, 66, 15, 49, 59, 72, 76, 29, 64, 93, 10, 78, 61, 31, 33, 45, 48, 50, 8, 87, 96, 32, 83, 43, 41, 62, 60, 82, 9, 90, 71, 52, 19]
Shuffled list begin: [34, 38, 99, 46, 55, 98, 91, 68, 42, 39, 7, 17, 12, 73, 54, 58, 88, 21, 95, 36, 77, 14, 25, 92, 11, 47, 22, 44, 69, 16, 2, 4, 80, 70, 81, 35, 40, 86, 1, 67, 6, 13, 27, 75, 23, 94, 24, 63, 89, 18, 97, 5, 3, 28, 30, 0, 66, 15, 49, 59, 72, 76, 29, 64, 93, 10, 78, 61, 31, 33, 45, 48, 50, 8, 87, 96, 32, 83, 43, 41, 62, 60, 82, 9, 90, 71, 52, 19]
Shuffled list begin: [34, 38, 99, 46, 55, 98, 91, 68, 42, 39, 7, 17, 12, 73, 54, 58, 88, 21, 95, 36, 77, 14, 25, 92, 11, 47, 22, 44, 69, 16, 2, 4, 80, 70, 81, 35, 40, 86, 1, 67, 6, 13, 27, 75, 23, 94, 24, 63, 89, 18, 97, 5, 3, 28, 30, 0, 66, 15, 49, 59, 72, 76, 29, 64, 93, 10, 78, 61, 31, 33, 45, 48, 50, 8, 87, 96, 32, 83, 43, 41, 62, 60, 82, 9, 90, 71, 52, 19]
Shuffled list begin: [34, 38, 99, 46, 55, 98, 91, 68, 42, 39, 7, 17, 12, 73, 54, 58, 88, 21, 95, 36, 77, 14, 25, 92, 11, 47, 22, 44, 69, 16, 2, 4, 80, 70, 81, 35, 40, 86, 1, 67, 6, 13, 27, 75, 23, 94, 24, 63, 89, 18, 97, 5, 3, 28, 30, 0, 66, 15, 49, 59, 72, 76, 29, 64, 93, 10, 78, 61, 31, 33, 45, 48, 50, 8, 87, 96, 32, 83, 43, 41, 62, 60, 82, 9, 90, 71, 52, 19]
Shuffled list begin: [34, 38, 99, 46, 55, 98, 91, 68, 42, 39, 7, 17, 12, 73, 54, 58, 88, 21, 95, 36, 77, 14, 25, 92, 11, 47, 22, 44, 69, 16, 2, 4, 80, 70, 81, 35, 40, 86, 1, 67, 6, 13, 27, 75, 23, 94, 24, 63, 89, 18, 97, 5, 3, 28, 30, 0, 66, 15, 49, 59, 72, 76, 29, 64, 93, 10, 78, 61, 31, 33, 45, 48, 50, 8, 87, 96, 32, 83, 43, 41, 62, 60, 82, 9, 90, 71, 52, 19]
Shuffled list begin: [34, 38, 99, 46, 55, 98, 91, 68, 42, 39, 7, 17, 12, 73, 54, 58, 88, 21, 95, 36, 77, 14, 25, 92, 11, 47, 22, 44, 69, 16, 2, 4, 80, 70, 81, 35, 40, 86, 1, 67, 6, 13, 27, 75, 23, 94, 24, 63, 89, 18, 97, 5, 3, 28, 30, 0, 66, 15, 49, 59, 72, 76, 29, 64, 93, 10, 78, 61, 31, 33, 45, 48, 50, 8, 87, 96, 32, 83, 43, 41, 62, 60, 82, 9, 90, 71, 52, 19]
Shuffled list begin: [34, 38, 99, 46, 55, 98, 91, 68, 42, 39, 7, 17, 12, 73, 54, 58, 88, 21, 95, 36, 77, 14, 25, 92, 11, 47, 22, 44, 69, 16, 2, 4, 80, 70, 81, 35, 40, 86, 1, 67, 6, 13, 27, 75, 23, 94, 24, 63, 89, 18, 97, 5, 3, 28, 30, 0, 66, 15, 49, 59, 72, 76, 29, 64, 93, 10, 78, 61, 31, 33, 45, 48, 50, 8, 87, 96, 32, 83, 43, 41, 62, 60, 82, 9, 90, 71, 52, 19]
Shuffled list begin: [34, 38, 99, 46, 55, 98, 91, 68, 42, 39, 7, 17, 12, 73, 54, 58, 88, 21, 95, 36, 77, 14, 25, 92, 11, 47, 22, 44, 69, 16, 2, 4, 80, 70, 81, 35, 40, 86, 1, 67, 6, 13, 27, 75, 23, 94, 24, 63, 89, 18, 97, 5, 3, 28, 30, 0, 66, 15, 49, 59, 72, 76, 29, 64, 93, 10, 78, 61, 31, 33, 45, 48, 50, 8, 87, 96, 32, 83, 43, 41, 62, 60, 82, 9, 90, 71, 52, 19]
Shuffled list begin: [34, 38, 99, 46, 55, 98, 91, 68, 42, 39, 7, 17, 12, 73, 54, 58, 88, 21, 95, 36, 77, 14, 25, 92, 11, 47, 22, 44, 69, 16, 2, 4, 80, 70, 81, 35, 40, 86, 1, 67, 6, 13, 27, 75, 23, 94, 24, 63, 89, 18, 97, 5, 3, 28, 30, 0, 66, 15, 49, 59, 72, 76, 29, 64, 93, 10, 78, 61, 31, 33, 45, 48, 50, 8, 87, 96, 32, 83, 43, 41, 62, 60, 82, 9, 90, 71, 52, 19]
Shuffled list begin: [34, 38, 99, 46, 55, 98, 91, 68, 42, 39, 7, 17, 12, 73, 54, 58, 88, 21, 95, 36, 77, 14, 25, 92, 11, 47, 22, 44, 69, 16, 2, 4, 80, 70, 81, 35, 40, 86, 1, 67, 6, 13, 27, 75, 23, 94, 24, 63, 89, 18, 97, 5, 3, 28, 30, 0, 66, 15, 49, 59, 72, 76, 29, 64, 93, 10, 78, 61, 31, 33, 45, 48, 50, 8, 87, 96, 32, 83, 43, 41, 62, 60, 82, 9, 90, 71, 52, 19]
Shuffled list begin: [34, 38, 99, 46, 55, 98, 91, 68, 42, 39, 7, 17, 12, 73, 54, 58, 88, 21, 95, 36, 77, 14, 25, 92, 11, 47, 22, 44, 69, 16, 2, 4, 80, 70, 81, 35, 40, 86, 1, 67, 6, 13, 27, 75, 23, 94, 24, 63, 89, 18, 97, 5, 3, 28, 30, 0, 66, 15, 49, 59, 72, 76, 29, 64, 93, 10, 78, 61, 31, 33, 45, 48, 50, 8, 87, 96, 32, 83, 43, 41, 62, 60, 82, 9, 90, 71, 52, 19]
Shuffled list begin: [34, 38, 99, 46, 55, 98, 91, 68, 42, 39, 7, 17, 12, 73, 54, 58, 88, 21, 95, 36, 77, 14, 25, 92, 11, 47, 22, 44, 69, 16, 2, 4, 80, 70, 81, 35, 40, 86, 1, 67, 6, 13, 27, 75, 23, 94, 24, 63, 89, 18, 97, 5, 3, 28, 30, 0, 66, 15, 49, 59, 72, 76, 29, 64, 93, 10, 78, 61, 31, 33, 45, 48, 50, 8, 87, 96, 32, 83, 43, 41, 62, 60, 82, 9, 90, 71, 52, 19]
Shuffled list begin: [34, 38, 99, 46, 55, 98, 91, 68, 42, 39, 7, 17, 12, 73, 54, 58, 88, 21, 95, 36, 77, 14, 25, 92, 11, 47, 22, 44, 69, 16, 2, 4, 80, 70, 81, 35, 40, 86, 1, 67, 6, 13, 27, 75, 23, 94, 24, 63, 89, 18, 97, 5, 3, 28, 30, 0, 66, 15, 49, 59, 72, 76, 29, 64, 93, 10, 78, 61, 31, 33, 45, 48, 50, 8, 87, 96, 32, 83, 43, 41, 62, 60, 82, 9, 90, 71, 52, 19]
Shuffled list begin: [34, 38, 99, 46, 55, 98, 91, 68, 42, 39, 7, 17, 12, 73, 54, 58, 88, 21, 95, 36, 77, 14, 25, 92, 11, 47, 22, 44, 69, 16, 2, 4, 80, 70, 81, 35, 40, 86, 1, 67, 6, 13, 27, 75, 23, 94, 24, 63, 89, 18, 97, 5, 3, 28, 30, 0, 66, 15, 49, 59, 72, 76, 29, 64, 93, 10, 78, 61, 31, 33, 45, 48, 50, 8, 87, 96, 32, 83, 43, 41, 62, 60, 82, 9, 90, 71, 52, 19]
Shuffled list begin: [34, 38, 99, 46, 55, 98, 91, 68, 42, 39, 7, 17, 12, 73, 54, 58, 88, 21, 95, 36, 77, 14, 25, 92, 11, 47, 22, 44, 69, 16, 2, 4, 80, 70, 81, 35, 40, 86, 1, 67, 6, 13, 27, 75, 23, 94, 24, 63, 89, 18, 97, 5, 3, 28, 30, 0, 66, 15, 49, 59, 72, 76, 29, 64, 93, 10, 78, 61, 31, 33, 45, 48, 50, 8, 87, 96, 32, 83, 43, 41, 62, 60, 82, 9, 90, 71, 52, 19]
Shuffled list begin: [34, 38, 99, 46, 55, 98, 91, 68, 42, 39, 7, 17, 12, 73, 54, 58, 88, 21, 95, 36, 77, 14, 25, 92, 11, 47, 22, 44, 69, 16, 2, 4, 80, 70, 81, 35, 40, 86, 1, 67, 6, 13, 27, 75, 23, 94, 24, 63, 89, 18, 97, 5, 3, 28, 30, 0, 66, 15, 49, 59, 72, 76, 29, 64, 93, 10, 78, 61, 31, 33, 45, 48, 50, 8, 87, 96, 32, 83, 43, 41, 62, 60, 82, 9, 90, 71, 52, 19]
Shuffled list begin: [34, 38, 99, 46, 55, 98, 91, 68, 42, 39, 7, 17, 12, 73, 54, 58, 88, 21, 95, 36, 77, 14, 25, 92, 11, 47, 22, 44, 69, 16, 2, 4, 80, 70, 81, 35, 40, 86, 1, 67, 6, 13, 27, 75, 23, 94, 24, 63, 89, 18, 97, 5, 3, 28, 30, 0, 66, 15, 49, 59, 72, 76, 29, 64, 93, 10, 78, 61, 31, 33, 45, 48, 50, 8, 87, 96, 32, 83, 43, 41, 62, 60, 82, 9, 90, 71, 52, 19]
Shuffled list begin: [34, 38, 99, 46, 55, 98, 91, 68, 42, 39, 7, 17, 12, 73, 54, 58, 88, 21, 95, 36, 77, 14, 25, 92, 11, 47, 22, 44, 69, 16, 2, 4, 80, 70, 81, 35, 40, 86, 1, 67, 6, 13, 27, 75, 23, 94, 24, 63, 89, 18, 97, 5, 3, 28, 30, 0, 66, 15, 49, 59, 72, 76, 29, 64, 93, 10, 78, 61, 31, 33, 45, 48, 50, 8, 87, 96, 32, 83, 43, 41, 62, 60, 82, 9, 90, 71, 52, 19]
Shuffled list begin: [34, 38, 99, 46, 55, 98, 91, 68, 42, 39, 7, 17, 12, 73, 54, 58, 88, 21, 95, 36, 77, 14, 25, 92, 11, 47, 22, 44, 69, 16, 2, 4, 80, 70, 81, 35, 40, 86, 1, 67, 6, 13, 27, 75, 23, 94, 24, 63, 89, 18, 97, 5, 3, 28, 30, 0, 66, 15, 49, 59, 72, 76, 29, 64, 93, 10, 78, 61, 31, 33, 45, 48, 50, 8, 87, 96, 32, 83, 43, 41, 62, 60, 82, 9, 90, 71, 52, 19]
Shuffled list begin: [34, 38, 99, 46, 55, 98, 91, 68, 42, 39, 7, 17, 12, 73, 54, 58, 88, 21, 95, 36, 77, 14, 25, 92, 11, 47, 22, 44, 69, 16, 2, 4, 80, 70, 81, 35, 40, 86, 1, 67, 6, 13, 27, 75, 23, 94, 24, 63, 89, 18, 97, 5, 3, 28, 30, 0, 66, 15, 49, 59, 72, 76, 29, 64, 93, 10, 78, 61, 31, 33, 45, 48, 50, 8, 87, 96, 32, 83, 43, 41, 62, 60, 82, 9, 90, 71, 52, 19]
Shuffled list begin: [34, 38, 99, 46, 55, 98, 91, 68, 42, 39, 7, 17, 12, 73, 54, 58, 88, 21, 95, 36, 77, 14, 25, 92, 11, 47, 22, 44, 69, 16, 2, 4, 80, 70, 81, 35, 40, 86, 1, 67, 6, 13, 27, 75, 23, 94, 24, 63, 89, 18, 97, 5, 3, 28, 30, 0, 66, 15, 49, 59, 72, 76, 29, 64, 93, 10, 78, 61, 31, 33, 45, 48, 50, 8, 87, 96, 32, 83, 43, 41, 62, 60, 82, 9, 90, 71, 52, 19]
Shuffled list begin: [34, 38, 99, 46, 55, 98, 91, 68, 42, 39, 7, 17, 12, 73, 54, 58, 88, 21, 95, 36, 77, 14, 25, 92, 11, 47, 22, 44, 69, 16, 2, 4, 80, 70, 81, 35, 40, 86, 1, 67, 6, 13, 27, 75, 23, 94, 24, 63, 89, 18, 97, 5, 3, 28, 30, 0, 66, 15, 49, 59, 72, 76, 29, 64, 93, 10, 78, 61, 31, 33, 45, 48, 50, 8, 87, 96, 32, 83, 43, 41, 62, 60, 82, 9, 90, 71, 52, 19]
Shuffled list begin: [34, 38, 99, 46, 55, 98, 91, 68, 42, 39, 7, 17, 12, 73, 54, 58, 88, 21, 95, 36, 77, 14, 25, 92, 11, 47, 22, 44, 69, 16, 2, 4, 80, 70, 81, 35, 40, 86, 1, 67, 6, 13, 27, 75, 23, 94, 24, 63, 89, 18, 97, 5, 3, 28, 30, 0, 66, 15, 49, 59, 72, 76, 29, 64, 93, 10, 78, 61, 31, 33, 45, 48, 50, 8, 87, 96, 32, 83, 43, 41, 62, 60, 82, 9, 90, 71, 52, 19]
Shuffled list begin: [34, 38, 99, 46, 55, 98, 91, 68, 42, 39, 7, 17, 12, 73, 54, 58, 88, 21, 95, 36, 77, 14, 25, 92, 11, 47, 22, 44, 69, 16, 2, 4, 80, 70, 81, 35, 40, 86, 1, 67, 6, 13, 27, 75, 23, 94, 24, 63, 89, 18, 97, 5, 3, 28, 30, 0, 66, 15, 49, 59, 72, 76, 29, 64, 93, 10, 78, 61, 31, 33, 45, 48, 50, 8, 87, 96, 32, 83, 43, 41, 62, 60, 82, 9, 90, 71, 52, 19]
Shuffled list begin: [34, 38, 99, 46, 55, 98, 91, 68, 42, 39, 7, 17, 12, 73, 54, 58, 88, 21, 95, 36, 77, 14, 25, 92, 11, 47, 22, 44, 69, 16, 2, 4, 80, 70, 81, 35, 40, 86, 1, 67, 6, 13, 27, 75, 23, 94, 24, 63, 89, 18, 97, 5, 3, 28, 30, 0, 66, 15, 49, 59, 72, 76, 29, 64, 93, 10, 78, 61, 31, 33, 45, 48, 50, 8, 87, 96, 32, 83, 43, 41, 62, 60, 82, 9, 90, 71, 52, 19]
Shuffled list begin: [34, 38, 99, 46, 55, 98, 91, 68, 42, 39, 7, 17, 12, 73, 54, 58, 88, 21, 95, 36, 77, 14, 25, 92, 11, 47, 22, 44, 69, 16, 2, 4, 80, 70, 81, 35, 40, 86, 1, 67, 6, 13, 27, 75, 23, 94, 24, 63, 89, 18, 97, 5, 3, 28, 30, 0, 66, 15, 49, 59, 72, 76, 29, 64, 93, 10, 78, 61, 31, 33, 45, 48, 50, 8, 87, 96, 32, 83, 43, 41, 62, 60, 82, 9, 90, 71, 52, 19]
Shuffled list begin: [34, 38, 99, 46, 55, 98, 91, 68, 42, 39, 7, 17, 12, 73, 54, 58, 88, 21, 95, 36, 77, 14, 25, 92, 11, 47, 22, 44, 69, 16, 2, 4, 80, 70, 81, 35, 40, 86, 1, 67, 6, 13, 27, 75, 23, 94, 24, 63, 89, 18, 97, 5, 3, 28, 30, 0, 66, 15, 49, 59, 72, 76, 29, 64, 93, 10, 78, 61, 31, 33, 45, 48, 50, 8, 87, 96, 32, 83, 43, 41, 62, 60, 82, 9, 90, 71, 52, 19]
Shuffled list begin: [34, 38, 99, 46, 55, 98, 91, 68, 42, 39, 7, 17, 12, 73, 54, 58, 88, 21, 95, 36, 77, 14, 25, 92, 11, 47, 22, 44, 69, 16, 2, 4, 80, 70, 81, 35, 40, 86, 1, 67, 6, 13, 27, 75, 23, 94, 24, 63, 89, 18, 97, 5, 3, 28, 30, 0, 66, 15, 49, 59, 72, 76, 29, 64, 93, 10, 78, 61, 31, 33, 45, 48, 50, 8, 87, 96, 32, 83, 43, 41, 62, 60, 82, 9, 90, 71, 52, 19]
Shuffled list begin: [34, 38, 99, 46, 55, 98, 91, 68, 42, 39, 7, 17, 12, 73, 54, 58, 88, 21, 95, 36, 77, 14, 25, 92, 11, 47, 22, 44, 69, 16, 2, 4, 80, 70, 81, 35, 40, 86, 1, 67, 6, 13, 27, 75, 23, 94, 24, 63, 89, 18, 97, 5, 3, 28, 30, 0, 66, 15, 49, 59, 72, 76, 29, 64, 93, 10, 78, 61, 31, 33, 45, 48, 50, 8, 87, 96, 32, 83, 43, 41, 62, 60, 82, 9, 90, 71, 52, 19]
Shuffled list begin: [34, 38, 99, 46, 55, 98, 91, 68, 42, 39, 7, 17, 12, 73, 54, 58, 88, 21, 95, 36, 77, 14, 25, 92, 11, 47, 22, 44, 69, 16, 2, 4, 80, 70, 81, 35, 40, 86, 1, 67, 6, 13, 27, 75, 23, 94, 24, 63, 89, 18, 97, 5, 3, 28, 30, 0, 66, 15, 49, 59, 72, 76, 29, 64, 93, 10, 78, 61, 31, 33, 45, 48, 50, 8, 87, 96, 32, 83, 43, 41, 62, 60, 82, 9, 90, 71, 52, 19]
Shuffled list begin: [34, 38, 99, 46, 55, 98, 91, 68, 42, 39, 7, 17, 12, 73, 54, 58, 88, 21, 95, 36, 77, 14, 25, 92, 11, 47, 22, 44, 69, 16, 2, 4, 80, 70, 81, 35, 40, 86, 1, 67, 6, 13, 27, 75, 23, 94, 24, 63, 89, 18, 97, 5, 3, 28, 30, 0, 66, 15, 49, 59, 72, 76, 29, 64, 93, 10, 78, 61, 31, 33, 45, 48, 50, 8, 87, 96, 32, 83, 43, 41, 62, 60, 82, 9, 90, 71, 52, 19]
Shuffled list begin: [34, 38, 99, 46, 55, 98, 91, 68, 42, 39, 7, 17, 12, 73, 54, 58, 88, 21, 95, 36, 77, 14, 25, 92, 11, 47, 22, 44, 69, 16, 2, 4, 80, 70, 81, 35, 40, 86, 1, 67, 6, 13, 27, 75, 23, 94, 24, 63, 89, 18, 97, 5, 3, 28, 30, 0, 66, 15, 49, 59, 72, 76, 29, 64, 93, 10, 78, 61, 31, 33, 45, 48, 50, 8, 87, 96, 32, 83, 43, 41, 62, 60, 82, 9, 90, 71, 52, 19]
Shuffled list begin: [34, 38, 99, 46, 55, 98, 91, 68, 42, 39, 7, 17, 12, 73, 54, 58, 88, 21, 95, 36, 77, 14, 25, 92, 11, 47, 22, 44, 69, 16, 2, 4, 80, 70, 81, 35, 40, 86, 1, 67, 6, 13, 27, 75, 23, 94, 24, 63, 89, 18, 97, 5, 3, 28, 30, 0, 66, 15, 49, 59, 72, 76, 29, 64, 93, 10, 78, 61, 31, 33, 45, 48, 50, 8, 87, 96, 32, 83, 43, 41, 62, 60, 82, 9, 90, 71, 52, 19]
Shuffled list begin: [34, 38, 99, 46, 55, 98, 91, 68, 42, 39, 7, 17, 12, 73, 54, 58, 88, 21, 95, 36, 77, 14, 25, 92, 11, 47, 22, 44, 69, 16, 2, 4, 80, 70, 81, 35, 40, 86, 1, 67, 6, 13, 27, 75, 23, 94, 24, 63, 89, 18, 97, 5, 3, 28, 30, 0, 66, 15, 49, 59, 72, 76, 29, 64, 93, 10, 78, 61, 31, 33, 45, 48, 50, 8, 87]
Shuffled list begin: [34, 38, 99, 46, 55, 98, 91, 68, 42, 39, 7, 17, 12, 73, 54, 58, 88, 21, 95, 36, 77, 14, 25, 92, 11, 47, 22, 44, 69, 16, 2, 4, 80, 70, 81, 35, 40, 86, 1, 67, 6, 13, 27, 75, 23, 94, 24, 63, 89, 18, 97, 5, 3, 28, 30, 0, 66, 15, 49, 59, 72, 76, 29, 64, 93, 10, 78, 61, 31, 33, 45, 48, 50, 8, 87]
Shuffled list begin: [34, 38, 99, 46, 55, 98, 91, 68, 42, 39, 7, 17, 12, 73, 54, 58, 88, 21, 95, 36, 77, 14, 25, 92, 11, 47, 22, 44, 69, 16, 2, 4, 80, 70, 81, 35, 40, 86, 1, 67, 6, 13, 27, 75, 23, 94, 24, 63, 89, 18, 97, 5, 3, 28, 30, 0, 66, 15, 49, 59, 72, 76, 29, 64, 93, 10, 78, 61, 31, 33, 45, 48, 50, 8, 87]
Shuffled list begin: [34, 38, 99, 46, 55, 98, 91, 68, 42, 39, 7, 17, 12, 73, 54, 58, 88, 21, 95, 36, 77, 14, 25, 92, 11, 47, 22, 44, 69, 16, 2, 4, 80, 70, 81, 35, 40, 86, 1, 67, 6, 13, 27, 75, 23, 94, 24, 63, 89, 18, 97, 5, 3, 28, 30, 0, 66, 15, 49, 59, 72, 76, 29, 64, 93, 10, 78, 61, 31, 33, 45, 48, 50, 8, 87]
Shuffled list begin: [34, 38, 99, 46, 55, 98, 91, 68, 42, 39, 7, 17, 12, 73, 54, 58, 88, 21, 95, 36, 77, 14, 25, 92, 11, 47, 22, 44, 69, 16, 2, 4, 80, 70, 81, 35, 40, 86, 1, 67, 6, 13, 27, 75, 23, 94, 24, 63, 89, 18, 97, 5, 3, 28, 30, 0, 66, 15, 49, 59, 72, 76, 29, 64, 93, 10, 78, 61, 31, 33, 45, 48, 50, 8, 87]
Shuffled list begin: [34, 38, 99, 46, 55, 98, 91, 68, 42, 39, 7, 17, 12, 73, 54, 58, 88, 21, 95, 36, 77, 14, 25, 92, 11, 47, 22, 44, 69, 16, 2, 4, 80, 70, 81, 35, 40, 86, 1, 67, 6, 13, 27, 75, 23, 94, 24, 63, 89, 18, 97, 5, 3, 28, 30, 0, 66, 15, 49, 59, 72, 76, 29, 64, 93, 10, 78, 61, 31, 33, 45, 48, 50, 8, 87]
Shuffled list begin: [34, 38, 99, 46, 55, 98, 91, 68, 42, 39, 7, 17, 12, 73, 54, 58, 88, 21, 95, 36, 77, 14, 25, 92, 11, 47, 22, 44, 69, 16, 2, 4, 80, 70, 81, 35, 40, 86, 1, 67, 6, 13, 27, 75, 23, 94, 24, 63, 89, 18, 97, 5, 3, 28, 30, 0, 66, 15, 49, 59, 72, 76, 29, 64, 93, 10, 78, 61, 31, 33, 45, 48, 50, 8, 87]
Shuffled list begin: [34, 38, 99, 46, 55, 98, 91, 68, 42, 39, 7, 17, 12, 73, 54, 58, 88, 21, 95, 36, 77, 14, 25, 92, 11, 47, 22, 44, 69, 16, 2, 4, 80, 70, 81, 35, 40, 86, 1, 67, 6, 13, 27, 75, 23, 94, 24, 63, 89, 18, 97, 5, 3, 28, 30, 0, 66, 15, 49, 59, 72, 76, 29, 64, 93, 10, 78, 61, 31, 33, 45, 48, 50, 8, 87]
Shuffled list begin: [34, 38, 99, 46, 55, 98, 91, 68, 42, 39, 7, 17, 12, 73, 54, 58, 88, 21, 95, 36, 77, 14, 25, 92, 11, 47, 22, 44, 69, 16, 2, 4, 80, 70, 81, 35, 40, 86, 1, 67, 6, 13, 27, 75, 23, 94, 24, 63, 89, 18, 97, 5, 3, 28, 30, 0, 66, 15, 49, 59, 72, 76, 29, 64, 93, 10, 78, 61, 31, 33, 45, 48, 50, 8, 87]
Shuffled list begin: [34, 38, 99, 46, 55, 98, 91, 68, 42, 39, 7, 17, 12, 73, 54, 58, 88, 21, 95, 36, 77, 14, 25, 92, 11, 47, 22, 44, 69, 16, 2, 4, 80, 70, 81, 35, 40, 86, 1, 67, 6, 13, 27, 75, 23, 94, 24, 63, 89, 18, 97, 5, 3, 28, 30, 0, 66, 15, 49, 59, 72, 76, 29, 64, 93, 10, 78, 61, 31, 33, 45, 48, 50, 8, 87]
Shuffled list begin: [34, 38, 99, 46, 55, 98, 91, 68, 42, 39, 7, 17, 12, 73, 54, 58, 88, 21, 95, 36, 77, 14, 25, 92, 11, 47, 22, 44, 69, 16, 2, 4, 80, 70, 81, 35, 40, 86, 1, 67, 6, 13, 27, 75, 23, 94, 24, 63, 89, 18, 97, 5, 3, 28, 30, 0, 66, 15, 49, 59, 72, 76, 29, 64, 93, 10, 78, 61, 31, 33, 45, 48, 50, 8, 87]
Shuffled list begin: [34, 38, 99, 46, 55, 98, 91, 68, 42, 39, 7, 17, 12, 73, 54, 58, 88, 21, 95, 36, 77, 14, 25, 92, 11, 47, 22, 44, 69, 16, 2, 4, 80, 70, 81, 35, 40, 86, 1, 67, 6, 13, 27, 75, 23, 94, 24, 63, 89, 18, 97, 5, 3, 28, 30, 0, 66, 15, 49, 59, 72, 76, 29, 64, 93, 10, 78, 61, 31, 33, 45, 48, 50, 8, 87]
Shuffled list begin: [34, 38, 99, 46, 55, 98, 91, 68, 42, 39, 7, 17, 12, 73, 54, 58, 88, 21, 95, 36, 77, 14, 25, 92, 11, 47, 22, 44, 69, 16, 2, 4, 80, 70, 81, 35, 40, 86, 1, 67, 6, 13, 27, 75, 23, 94, 24, 63, 89, 18, 97, 5, 3, 28, 30, 0, 66, 15, 49, 59, 72, 76, 29, 64, 93, 10, 78, 61, 31, 33, 45, 48, 50, 8, 87]
Shuffled list begin: [34, 38, 99, 46, 55, 98, 91, 68, 42, 39, 7, 17, 12, 73, 54, 58, 88, 21, 95, 36, 77, 14, 25, 92, 11, 47, 22, 44, 69, 16, 2, 4, 80, 70, 81, 35, 40, 86, 1, 67, 6, 13, 27, 75, 23, 94, 24, 63, 89, 18, 97, 5, 3, 28, 30, 0, 66, 15, 49, 59, 72, 76, 29, 64, 93, 10, 78, 61, 31, 33, 45, 48, 50, 8, 87]
Shuffled list begin: [34, 38, 99, 46, 55, 98, 91, 68, 42, 39, 7, 17, 12, 73, 54, 58, 88, 21, 95, 36, 77, 14, 25, 92, 11, 47, 22, 44, 69, 16, 2, 4, 80, 70, 81, 35, 40, 86, 1, 67, 6, 13, 27, 75, 23, 94, 24, 63, 89, 18, 97, 5, 3, 28, 30, 0, 66, 15, 49, 59, 72, 76, 29, 64, 93, 10, 78, 61, 31, 33, 45, 48, 50, 8, 87]
Shuffled list begin: [34, 38, 99, 46, 55, 98, 91, 68, 42, 39, 7, 17, 12, 73, 54, 58, 88, 21, 95, 36, 77, 14, 25, 92, 11, 47, 22, 44, 69, 16, 2, 4, 80, 70, 81, 35, 40, 86, 1, 67, 6, 13, 27, 75, 23, 94, 24, 63, 89, 18, 97, 5, 3, 28, 30, 0, 66, 15, 49, 59, 72, 76, 29, 64, 93, 10, 78, 61, 31, 33, 45, 48, 50, 8, 87]
Shuffled list begin: [34, 38, 99, 46, 55, 98, 91, 68, 42, 39, 7, 17, 12, 73, 54, 58, 88, 21, 95, 36, 77, 14, 25, 92, 11, 47, 22, 44, 69, 16, 2, 4, 80, 70, 81, 35, 40, 86, 1, 67, 6, 13, 27, 75, 23, 94, 24, 63, 89, 18, 97, 5, 3, 28, 30, 0, 66, 15, 49, 59, 72, 76, 29, 64, 93, 10, 78, 61, 31, 33, 45, 48, 50, 8, 87]
Shuffled list begin: [34, 38, 99, 46, 55, 98, 91, 68, 42, 39, 7, 17, 12, 73, 54, 58, 88, 21, 95, 36, 77, 14, 25, 92, 11, 47, 22, 44, 69, 16, 2, 4, 80, 70, 81, 35, 40, 86, 1, 67, 6, 13, 27, 75, 23, 94, 24, 63, 89, 18, 97, 5, 3, 28, 30, 0, 66, 15, 49, 59, 72, 76, 29, 64, 93, 10, 78, 61, 31, 33, 45, 48, 50, 8, 87]
Shuffled list begin: [34, 38, 99, 46, 55, 98, 91, 68, 42, 39, 7, 17, 12, 73, 54, 58, 88, 21, 95, 36, 77, 14, 25, 92, 11, 47, 22, 44, 69, 16, 2, 4, 80, 70, 81, 35, 40, 86, 1, 67, 6, 13, 27, 75, 23, 94, 24, 63, 89, 18, 97, 5, 3, 28, 30, 0, 66, 15, 49, 59, 72, 76, 29, 64, 93, 10, 78, 61, 31, 33, 45, 48, 50, 8, 87]
Shuffled list begin: [34, 38, 99, 46, 55, 98, 91, 68, 42, 39, 7, 17, 12, 73, 54, 58, 88, 21, 95, 36, 77, 14, 25, 92, 11, 47, 22, 44, 69, 16, 2, 4, 80, 70, 81, 35, 40, 86, 1, 67, 6, 13, 27, 75, 23, 94, 24, 63, 89, 18, 97, 5, 3, 28, 30, 0, 66, 15, 49, 59, 72, 76, 29, 64, 93, 10, 78, 61, 31, 33, 45, 48, 50, 8, 87]
Shuffled list begin: [34, 38, 99, 46, 55, 98, 91, 68, 42, 39, 7, 17, 12, 73, 54, 58, 88, 21, 95, 36, 77, 14, 25, 92, 11, 47, 22, 44, 69, 16, 2, 4, 80, 70, 81, 35, 40, 86, 1, 67, 6, 13, 27, 75, 23, 94, 24, 63, 89, 18, 97, 5, 3, 28, 30, 0, 66, 15, 49, 59, 72, 76, 29, 64, 93, 10, 78, 61, 31, 33, 45, 48, 50, 8, 87]
Shuffled list begin: [34, 38, 99, 46, 55, 98, 91, 68, 42, 39, 7, 17, 12, 73, 54, 58, 88, 21, 95, 36, 77, 14, 25, 92, 11, 47, 22, 44, 69, 16, 2, 4, 80, 70, 81, 35, 40, 86, 1, 67, 6, 13, 27, 75, 23, 94, 24, 63, 89, 18, 97, 5, 3, 28, 30, 0, 66, 15, 49, 59, 72, 76, 29, 64, 93, 10, 78, 61, 31, 33, 45, 48, 50, 8, 87]
Shuffled list begin: [34, 38, 99, 46, 55, 98, 91, 68, 42, 39, 7, 17, 12, 73, 54, 58, 88, 21, 95, 36, 77, 14, 25, 92, 11, 47, 22, 44, 69, 16, 2, 4, 80, 70, 81, 35, 40, 86, 1, 67, 6, 13, 27, 75, 23, 94, 24, 63, 89, 18, 97, 5, 3, 28, 30, 0, 66, 15, 49, 59, 72, 76, 29, 64, 93, 10, 78, 61, 31, 33, 45, 48, 50, 8, 87]
Shuffled list begin: [34, 38, 99, 46, 55, 98, 91, 68, 42, 39, 7, 17, 12, 73, 54, 58, 88, 21, 95, 36, 77, 14, 25, 92, 11, 47, 22, 44, 69, 16, 2, 4, 80, 70, 81, 35, 40, 86, 1, 67, 6, 13, 27, 75, 23, 94, 24, 63, 89, 18, 97, 5, 3, 28, 30, 0, 66, 15, 49, 59, 72, 76, 29, 64, 93, 10, 78, 61, 31, 33, 45, 48, 50, 8, 87]
Shuffled list begin: [34, 38, 99, 46, 55, 98, 91, 68, 42, 39, 7, 17, 12, 73, 54, 58, 88, 21, 95, 36, 77, 14, 25, 92, 11, 47, 22, 44, 69, 16, 2, 4, 80, 70, 81, 35, 40, 86, 1, 67, 6, 13, 27, 75, 23, 94, 24, 63, 89, 18, 97, 5, 3, 28, 30, 0, 66, 15, 49, 59, 72, 76, 29, 64, 93, 10, 78, 61, 31, 33, 45, 48, 50, 8, 87]
Shuffled list begin: [34, 38, 99, 46, 55, 98, 91, 68, 42, 39, 7, 17, 12, 73, 54, 58, 88, 21, 95, 36, 77, 14, 25, 92, 11, 47, 22, 44, 69, 16, 2, 4, 80, 70, 81, 35, 40, 86, 1, 67, 6, 13, 27, 75, 23, 94, 24, 63, 89, 18, 97, 5, 3, 28, 30, 0, 66, 15, 49, 59, 72, 76, 29, 64, 93, 10, 78, 61, 31, 33, 45, 48, 50, 8, 87]
Shuffled list begin: [34, 38, 99, 46, 55, 98, 91, 68, 42, 39, 7, 17, 12, 73, 54, 58, 88, 21, 95, 36, 77, 14, 25, 92, 11, 47, 22, 44, 69, 16, 2, 4, 80, 70, 81, 35, 40, 86, 1, 67, 6, 13, 27, 75, 23, 94, 24, 63, 89, 18, 97, 5, 3, 28, 30, 0, 66, 15, 49, 59, 72, 76, 29, 64, 93, 10, 78, 61, 31, 33, 45, 48, 50, 8, 87]
Shuffled list begin: [34, 38, 99, 46, 55, 98, 91, 68, 42, 39, 7, 17, 12, 73, 54, 58, 88, 21, 95, 36, 77, 14, 25, 92, 11, 47, 22, 44, 69, 16, 2, 4, 80, 70, 81, 35, 40, 86, 1, 67, 6, 13, 27, 75, 23, 94, 24, 63, 89, 18, 97, 5, 3, 28, 30, 0, 66, 15, 49, 59, 72, 76, 29, 64, 93, 10, 78, 61, 31, 33, 45, 48, 50, 8, 87]
Shuffled list begin: [34, 38, 99, 46, 55, 98, 91, 68, 42, 39, 7, 17, 12, 73, 54, 58, 88, 21, 95, 36, 77, 14, 25, 92, 11, 47, 22, 44, 69, 16, 2, 4, 80, 70, 81, 35, 40, 86, 1, 67, 6, 13, 27, 75, 23, 94, 24, 63, 89, 18, 97, 5, 3, 28, 30, 0, 66, 15, 49, 59, 72, 76, 29, 64, 93, 10, 78, 61, 31, 33, 45, 48, 50, 8, 87]
Shuffled list begin: [34, 38, 99, 46, 55, 98, 91, 68, 42, 39, 7, 17, 12, 73, 54, 58, 88, 21, 95, 36, 77, 14, 25, 92, 11, 47, 22, 44, 69, 16, 2, 4, 80, 70, 81, 35, 40, 86, 1, 67, 6, 13, 27, 75, 23, 94, 24, 63, 89, 18, 97, 5, 3, 28, 30, 0, 66, 15, 49, 59, 72, 76, 29, 64, 93, 10, 78, 61, 31, 33, 45, 48, 50, 8, 87]
Shuffled list begin: [34, 38, 99, 46, 55, 98, 91, 68, 42, 39, 7, 17, 12, 73, 54, 58, 88, 21, 95, 36, 77, 14, 25, 92, 11, 47, 22, 44, 69, 16, 2, 4, 80, 70, 81, 35, 40, 86, 1, 67, 6, 13, 27, 75, 23, 94, 24, 63, 89, 18, 97, 5, 3, 28, 30, 0, 66, 15, 49, 59, 72, 76, 29, 64, 93, 10, 78, 61, 31, 33, 45, 48, 50, 8, 87]
Shuffled list begin: [34, 38, 99, 46, 55, 98, 91, 68, 42, 39, 7, 17, 12, 73, 54, 58, 88, 21, 95, 36, 77, 14, 25, 92, 11, 47, 22, 44, 69, 16, 2, 4, 80, 70, 81, 35, 40, 86, 1, 67, 6, 13, 27, 75, 23, 94, 24, 63, 89, 18, 97, 5, 3, 28, 30, 0, 66, 15, 49, 59, 72, 76, 29, 64, 93, 10, 78, 61, 31, 33, 45, 48, 50, 8, 87]
Shuffled list begin: [34, 38, 99, 46, 55, 98, 91, 68, 42, 39, 7, 17, 12, 73, 54, 58, 88, 21, 95, 36, 77, 14, 25, 92, 11, 47, 22, 44, 69, 16, 2, 4, 80, 70, 81, 35, 40, 86, 1, 67, 6, 13, 27, 75, 23, 94, 24, 63, 89, 18, 97, 5, 3, 28, 30, 0, 66, 15, 49, 59, 72, 76, 29, 64, 93, 10, 78, 61, 31, 33, 45, 48, 50, 8, 87]
Shuffled list begin: [34, 38, 99, 46, 55, 98, 91, 68, 42, 39, 7, 17, 12, 73, 54, 58, 88, 21, 95, 36, 77, 14, 25, 92, 11, 47, 22, 44, 69, 16, 2, 4, 80, 70, 81, 35, 40, 86, 1, 67, 6, 13, 27, 75, 23, 94, 24, 63, 89, 18, 97, 5, 3, 28, 30, 0, 66, 15, 49, 59, 72, 76, 29, 64, 93, 10, 78, 61, 31, 33, 45, 48, 50, 8, 87]
Shuffled list begin: [34, 38, 99, 46, 55, 98, 91, 68, 42, 39, 7, 17, 12, 73, 54, 58, 88, 21, 95, 36, 77, 14, 25, 92, 11, 47, 22, 44, 69, 16, 2, 4, 80, 70, 81, 35, 40, 86, 1, 67, 6, 13, 27, 75, 23, 94, 24, 63, 89, 18, 97, 5, 3, 28, 30, 0, 66, 15, 49, 59, 72, 76, 29, 64, 93, 10, 78, 61, 31, 33, 45, 48, 50, 8, 87]
Shuffled list begin: [34, 38, 99, 46, 55, 98, 91, 68, 42, 39, 7, 17, 12, 73, 54, 58, 88, 21, 95, 36, 77, 14, 25, 92, 11, 47, 22, 44, 69, 16, 2, 4, 80, 70, 81, 35, 40, 86, 1, 67, 6, 13, 27, 75, 23, 94, 24, 63, 89, 18, 97, 5, 3, 28, 30, 0, 66, 15, 49, 59, 72, 76, 29, 64, 93, 10, 78, 61, 31, 33, 45, 48, 50, 8, 87]
Shuffled list begin: [34, 38, 99, 46, 55, 98, 91, 68, 42, 39, 7, 17, 12, 73, 54, 58, 88, 21, 95, 36, 77, 14, 25, 92, 11, 47, 22, 44, 69, 16, 2, 4, 80, 70, 81, 35, 40, 86, 1, 67, 6, 13, 27, 75, 23, 94, 24, 63, 89, 18, 97, 5, 3, 28, 30, 0, 66, 15, 49, 59, 72, 76, 29, 64, 93, 10, 78, 61, 31, 33, 45, 48, 50, 8, 87]
Shuffled list begin: [34, 38, 99, 46, 55, 98, 91, 68, 42, 39, 7, 17, 12, 73, 54, 58, 88, 21, 95, 36, 77, 14, 25, 92, 11, 47, 22, 44, 69, 16, 2, 4, 80, 70, 81, 35, 40, 86, 1, 67, 6, 13, 27, 75, 23, 94, 24, 63, 89, 18, 97, 5, 3, 28, 30, 0, 66, 15, 49, 59, 72, 76, 29, 64, 93, 10, 78, 61, 31, 33, 45, 48, 50, 8, 87]
Shuffled list begin: [34, 38, 99, 46, 55, 98, 91, 68, 42, 39, 7, 17, 12, 73, 54, 58, 88, 21, 95, 36, 77, 14, 25, 92, 11, 47, 22, 44, 69, 16, 2, 4, 80, 70, 81, 35, 40, 86, 1, 67, 6, 13, 27, 75, 23, 94, 24, 63, 89, 18, 97, 5, 3, 28, 30, 0, 66, 15, 49, 59, 72, 76, 29, 64, 93, 10, 78, 61, 31, 33, 45, 48, 50, 8, 87]
Shuffled list begin: [34, 38, 99, 46, 55, 98, 91, 68, 42, 39, 7, 17, 12, 73, 54, 58, 88, 21, 95, 36, 77, 14, 25, 92, 11, 47, 22, 44, 69, 16, 2, 4, 80, 70, 81, 35, 40, 86, 1, 67, 6, 13, 27, 75, 23, 94, 24, 63, 89, 18, 97, 5, 3, 28, 30, 0, 66, 15, 49, 59, 72, 76, 29, 64, 93, 10, 78, 61, 31, 33, 45, 48, 50, 8, 87]
Shuffled list begin: [34, 38, 99, 46, 55, 98, 91, 68, 42, 39, 7, 17, 12, 73, 54, 58, 88, 21, 95, 36, 77, 14, 25, 92, 11, 47, 22, 44, 69, 16, 2, 4, 80, 70, 81, 35, 40, 86, 1, 67, 6, 13, 27, 75, 23, 94, 24, 63, 89, 18, 97, 5, 3, 28, 30, 0, 66, 15, 49, 59, 72, 76, 29, 64, 93, 10, 78, 61, 31, 33, 45, 48, 50, 8, 87]
Shuffled list begin: [34, 38, 99, 46, 55, 98, 91, 68, 42, 39, 7, 17, 12, 73, 54, 58, 88, 21, 95, 36, 77, 14, 25, 92, 11, 47, 22, 44, 69, 16, 2, 4, 80, 70, 81, 35, 40, 86, 1, 67, 6, 13, 27, 75, 23, 94, 24, 63, 89, 18, 97, 5, 3, 28, 30, 0, 66, 15, 49, 59, 72, 76, 29, 64, 93, 10, 78, 61, 31, 33, 45, 48, 50, 8, 87]
Shuffled list begin: [34, 38, 99, 46, 55, 98, 91, 68, 42, 39, 7, 17, 12, 73, 54, 58, 88, 21, 95, 36, 77, 14, 25, 92, 11, 47, 22, 44, 69, 16, 2, 4, 80, 70, 81, 35, 40, 86, 1, 67, 6, 13, 27, 75, 23, 94, 24, 63, 89, 18, 97, 5, 3, 28, 30, 0, 66, 15, 49, 59, 72, 76, 29, 64, 93, 10, 78, 61, 31, 33, 45, 48, 50, 8, 87]
Shuffled list begin: [34, 38, 99, 46, 55, 98, 91, 68, 42, 39, 7, 17, 12, 73, 54, 58, 88, 21, 95, 36, 77, 14, 25, 92, 11, 47, 22, 44, 69, 16, 2, 4, 80, 70, 81, 35, 40, 86, 1, 67, 6, 13, 27, 75, 23, 94, 24, 63, 89, 18, 97, 5, 3, 28, 30, 0, 66, 15, 49, 59, 72, 76, 29, 64, 93, 10, 78, 61, 31, 33, 45, 48, 50, 8, 87]
Shuffled list begin: [34, 38, 99, 46, 55, 98, 91, 68, 42, 39, 7, 17, 12, 73, 54, 58, 88, 21, 95, 36, 77, 14, 25, 92, 11, 47, 22, 44, 69, 16, 2, 4, 80, 70, 81, 35, 40, 86, 1, 67, 6, 13, 27, 75, 23, 94, 24, 63, 89, 18, 97, 5, 3, 28, 30, 0, 66, 15, 49, 59, 72, 76, 29, 64, 93, 10, 78, 61, 31, 33, 45, 48, 50, 8, 87]
Shuffled list begin: [34, 38, 99, 46, 55, 98, 91, 68, 42, 39, 7, 17, 12, 73, 54, 58, 88, 21, 95, 36, 77, 14, 25, 92, 11, 47, 22, 44, 69, 16, 2, 4, 80, 70, 81, 35, 40, 86, 1, 67, 6, 13, 27, 75, 23, 94, 24, 63, 89, 18, 97, 5, 3, 28, 30, 0, 66, 15, 49, 59, 72, 76, 29, 64, 93, 10, 78, 61, 31, 33, 45, 48, 50, 8, 87]
Shuffled list begin: [34, 38, 99, 46, 55, 98, 91, 68, 42, 39, 7, 17, 12, 73, 54, 58, 88, 21, 95, 36, 77, 14, 25, 92, 11, 47, 22, 44, 69, 16, 2, 4, 80, 70, 81, 35, 40, 86, 1, 67, 6, 13, 27, 75, 23, 94, 24, 63, 89, 18, 97, 5, 3, 28, 30, 0, 66, 15, 49, 59, 72, 76, 29, 64, 93, 10, 78, 61, 31, 33, 45, 48, 50, 8, 87]
Shuffled list begin: [34, 38, 99, 46, 55, 98, 91, 68, 42, 39, 7, 17, 12, 73, 54, 58, 88, 21, 95, 36, 77, 14, 25, 92, 11, 47, 22, 44, 69, 16, 2, 4, 80, 70, 81, 35, 40, 86, 1, 67, 6, 13, 27, 75, 23, 94, 24, 63, 89, 18, 97, 5, 3, 28, 30, 0, 66, 15, 49, 59, 72, 76, 29, 64, 93, 10, 78, 61, 31, 33, 45, 48, 50, 8, 87]
Shuffled list begin: [34, 38, 99, 46, 55, 98, 91, 68, 42, 39, 7, 17, 12, 73, 54, 58, 88, 21, 95, 36, 77, 14, 25, 92, 11, 47, 22, 44, 69, 16, 2, 4, 80, 70, 81, 35, 40, 86, 1, 67, 6, 13, 27, 75, 23, 94, 24, 63, 89, 18, 97, 5, 3, 28, 30, 0, 66, 15, 49, 59, 72, 76, 29, 64, 93, 10, 78, 61, 31, 33, 45, 48, 50, 8, 87]
Shuffled list begin: [34, 38, 99, 46, 55, 98, 91, 68, 42, 39, 7, 17, 12, 73, 54, 58, 88, 21, 95, 36, 77, 14, 25, 92, 11, 47, 22, 44, 69, 16, 2, 4, 80, 70, 81, 35, 40, 86, 1, 67, 6, 13, 27, 75, 23, 94, 24, 63, 89, 18, 97, 5, 3, 28, 30, 0, 66, 15, 49, 59, 72, 76, 29, 64, 93, 10, 78, 61, 31, 33, 45, 48, 50, 8, 87]
Shuffled list begin: [34, 38, 99, 46, 55, 98, 91, 68, 42, 39, 7, 17, 12, 73, 54, 58, 88, 21, 95, 36, 77, 14, 25, 92, 11, 47, 22, 44, 69, 16, 2, 4, 80, 70, 81, 35, 40, 86, 1, 67, 6, 13, 27, 75, 23, 94, 24, 63, 89, 18, 97, 5, 3, 28, 30, 0, 66, 15, 49, 59, 72, 76, 29, 64, 93, 10, 78, 61, 31, 33, 45, 48, 50, 8, 87]
Shuffled list begin: [34, 38, 99, 46, 55, 98, 91, 68, 42, 39, 7, 17, 12, 73, 54, 58, 88, 21, 95, 36, 77, 14, 25, 92, 11, 47, 22, 44, 69, 16, 2, 4, 80, 70, 81, 35, 40, 86, 1, 67, 6, 13, 27, 75, 23, 94, 24, 63, 89, 18, 97, 5, 3, 28, 30, 0, 66, 15, 49, 59, 72, 76, 29, 64, 93, 10, 78, 61, 31, 33, 45, 48, 50, 8, 87]
Shuffled list begin: [34, 38, 99, 46, 55, 98, 91, 68, 42, 39, 7, 17, 12, 73, 54, 58, 88, 21, 95, 36, 77, 14, 25, 92, 11, 47, 22, 44, 69, 16, 2, 4, 80, 70, 81, 35, 40, 86, 1, 67, 6, 13, 27, 75, 23, 94, 24, 63, 89, 18, 97, 5, 3, 28, 30, 0, 66, 15, 49, 59, 72, 76, 29, 64, 93, 10, 78, 61, 31, 33, 45, 48, 50, 8, 87]
Shuffled list begin: [34, 38, 99, 46, 55, 98, 91, 68, 42, 39, 7, 17, 12, 73, 54, 58, 88, 21, 95, 36, 77, 14, 25, 92, 11, 47, 22, 44, 69, 16, 2, 4, 80, 70, 81, 35, 40, 86, 1, 67, 6, 13, 27, 75, 23, 94, 24, 63, 89, 18, 97, 5, 3, 28, 30, 0, 66, 15, 49, 59, 72, 76, 29, 64, 93, 10, 78, 61, 31, 33, 45, 48, 50, 8, 87]
Shuffled list begin: [34, 38, 99, 46, 55, 98, 91, 68, 42, 39, 7, 17, 12, 73, 54, 58, 88, 21, 95, 36, 77, 14, 25, 92, 11, 47, 22, 44, 69, 16, 2, 4, 80, 70, 81, 35, 40, 86, 1, 67, 6, 13, 27, 75, 23, 94, 24, 63, 89, 18, 97, 5, 3, 28, 30, 0, 66, 15, 49, 59, 72, 76, 29, 64, 93, 10, 78, 61, 31, 33, 45, 48, 50, 8, 87]
Shuffled list begin: [34, 38, 99, 46, 55, 98, 91, 68, 42, 39, 7, 17, 12, 73, 54, 58, 88, 21, 95, 36, 77, 14, 25, 92, 11, 47, 22, 44, 69, 16, 2, 4, 80, 70, 81, 35, 40, 86, 1, 67, 6, 13, 27, 75, 23, 94, 24, 63, 89, 18, 97, 5, 3, 28, 30, 0, 66, 15, 49, 59, 72, 76, 29, 64, 93, 10, 78, 61, 31, 33, 45, 48, 50, 8, 87]
Shuffled list begin: [34, 38, 99, 46, 55, 98, 91, 68, 42, 39, 7, 17, 12, 73, 54, 58, 88, 21, 95, 36, 77, 14, 25, 92, 11, 47, 22, 44, 69, 16, 2, 4, 80, 70, 81, 35, 40, 86, 1, 67, 6, 13, 27, 75, 23, 94, 24, 63, 89, 18, 97, 5, 3, 28, 30, 0, 66, 15, 49, 59, 72, 76, 29, 64, 93, 10, 78, 61, 31, 33, 45, 48, 50, 8, 87]
Shuffled list begin: [34, 38, 99, 46, 55, 98, 91, 68, 42, 39, 7, 17, 12, 73, 54, 58, 88, 21, 95, 36, 77, 14, 25, 92, 11, 47, 22, 44, 69, 16, 2, 4, 80, 70, 81, 35, 40, 86, 1, 67, 6, 13, 27, 75, 23, 94, 24, 63, 89, 18, 97, 5, 3, 28, 30, 0, 66, 15, 49, 59, 72, 76, 29, 64, 93, 10, 78, 61, 31, 33, 45, 48, 50, 8, 87]
Shuffled list begin: [34, 38, 99, 46, 55, 98, 91, 68, 42, 39, 7, 17, 12, 73, 54, 58, 88, 21, 95, 36, 77, 14, 25, 92, 11, 47, 22, 44, 69, 16, 2, 4, 80, 70, 81, 35, 40, 86, 1, 67, 6, 13, 27, 75, 23, 94, 24, 63, 89, 18, 97, 5, 3, 28, 30, 0, 66, 15, 49, 59, 72, 76, 29, 64, 93, 10, 78, 61, 31, 33, 45, 48, 50, 8, 87]
Shuffled list begin: [34, 38, 99, 46, 55, 98, 91, 68, 42, 39, 7, 17, 12, 73, 54, 58, 88, 21, 95, 36, 77, 14, 25, 92, 11, 47, 22, 44, 69, 16, 2, 4, 80, 70, 81, 35, 40, 86, 1, 67, 6, 13, 27, 75, 23, 94, 24, 63, 89, 18, 97, 5, 3, 28, 30, 0, 66, 15, 49, 59, 72, 76, 29, 64, 93, 10, 78, 61, 31, 33, 45, 48, 50, 8, 87]
Shuffled list begin: [34, 38, 99, 46, 55, 98, 91, 68, 42, 39, 7, 17, 12, 73, 54, 58, 88, 21, 95, 36, 77, 14, 25, 92, 11, 47, 22, 44, 69, 16, 2, 4, 80, 70, 81, 35, 40, 86, 1, 67, 6, 13, 27, 75, 23, 94, 24, 63, 89, 18, 97, 5, 3, 28, 30, 0, 66, 15, 49, 59, 72, 76, 29, 64, 93, 10, 78, 61, 31, 33, 45, 48, 50, 8, 87]
Shuffled list begin: [34, 38, 99, 46, 55, 98, 91, 68, 42, 39, 7, 17, 12, 73, 54, 58, 88, 21, 95, 36, 77, 14, 25, 92, 11, 47, 22, 44, 69, 16, 2, 4, 80, 70, 81, 35, 40, 86, 1, 67, 6, 13, 27, 75, 23, 94, 24, 63, 89, 18, 97, 5, 3, 28, 30, 0, 66, 15, 49, 59, 72, 76, 29, 64, 93, 10, 78, 61, 31, 33, 45, 48, 50, 8, 87]
Shuffled list begin: [34, 38, 99, 46, 55, 98, 91, 68, 42, 39, 7, 17, 12, 73, 54, 58, 88, 21, 95, 36, 77, 14, 25, 92, 11, 47, 22, 44, 69, 16, 2, 4, 80, 70, 81, 35, 40, 86, 1, 67, 6, 13, 27, 75, 23, 94, 24, 63, 89, 18, 97, 5, 3, 28, 30, 0, 66, 15, 49, 59, 72, 76, 29, 64, 93, 10, 78, 61, 31, 33, 45, 48, 50, 8, 87]
Shuffled list begin: [34, 38, 99, 46, 55, 98, 91, 68, 42, 39, 7, 17, 12, 73, 54, 58, 88, 21, 95, 36, 77, 14, 25, 92, 11, 47, 22, 44, 69, 16, 2, 4, 80, 70, 81, 35, 40, 86, 1, 67, 6, 13, 27, 75, 23, 94, 24, 63, 89, 18, 97, 5, 3, 28, 30, 0, 66, 15, 49, 59, 72, 76, 29, 64, 93, 10, 78, 61, 31, 33, 45, 48, 50, 8, 87]
Shuffled list begin: [34, 38, 99, 46, 55, 98, 91, 68, 42, 39, 7, 17, 12, 73, 54, 58, 88, 21, 95, 36, 77, 14, 25, 92, 11, 47, 22, 44, 69, 16, 2, 4, 80, 70, 81, 35, 40, 86, 1, 67, 6, 13, 27, 75, 23, 94, 24, 63, 89, 18, 97, 5, 3, 28, 30, 0, 66, 15, 49, 59, 72, 76, 29, 64, 93, 10, 78, 61, 31, 33, 45, 48, 50, 8, 87]
Shuffled list begin: [34, 38, 99, 46, 55, 98, 91, 68, 42, 39, 7, 17, 12, 73, 54, 58, 88, 21, 95, 36, 77, 14, 25, 92, 11, 47, 22, 44, 69, 16, 2, 4, 80, 70, 81, 35, 40, 86, 1, 67, 6, 13, 27, 75, 23, 94, 24, 63, 89, 18, 97, 5, 3, 28, 30, 0, 66, 15, 49, 59, 72, 76, 29, 64, 93, 10, 78, 61, 31, 33, 45, 48, 50, 8, 87]
Shuffled list begin: [34, 38, 99, 46, 55, 98, 91, 68, 42, 39, 7, 17, 12, 73, 54, 58, 88, 21, 95, 36, 77, 14, 25, 92, 11, 47, 22, 44, 69, 16, 2, 4, 80, 70, 81, 35, 40, 86, 1, 67, 6, 13, 27, 75, 23, 94, 24, 63, 89, 18, 97, 5, 3, 28, 30, 0, 66, 15, 49, 59, 72, 76, 29, 64, 93, 10, 78, 61, 31, 33, 45, 48, 50, 8, 87]
Shuffled list begin: [34, 38, 99, 46, 55, 98, 91, 68, 42, 39, 7, 17, 12, 73, 54, 58, 88, 21, 95, 36, 77, 14, 25, 92, 11, 47, 22, 44, 69, 16, 2, 4, 80, 70, 81, 35, 40, 86, 1, 67, 6, 13, 27, 75, 23, 94, 24, 63, 89, 18, 97, 5, 3, 28, 30, 0, 66, 15, 49, 59, 72, 76, 29, 64, 93, 10, 78, 61, 31, 33, 45, 48, 50, 8, 87]
Shuffled list begin: [34, 38, 99, 46, 55, 98, 91, 68, 42, 39, 7, 17, 12, 73, 54, 58, 88, 21, 95, 36, 77, 14, 25, 92, 11, 47, 22, 44, 69, 16, 2, 4, 80, 70, 81, 35, 40, 86, 1, 67, 6, 13, 27, 75, 23, 94, 24, 63, 89, 18, 97, 5, 3, 28, 30, 0, 66, 15, 49, 59, 72, 76, 29, 64, 93, 10, 78, 61, 31, 33, 45, 48, 50, 8, 87]
Shuffled list begin: [34, 38, 99, 46, 55, 98, 91, 68, 42, 39, 7, 17, 12, 73, 54, 58, 88, 21, 95, 36, 77, 14, 25, 92, 11, 47, 22, 44, 69, 16, 2, 4, 80, 70, 81, 35, 40, 86, 1, 67, 6, 13, 27, 75, 23, 94, 24, 63, 89, 18, 97, 5, 3, 28, 30, 0, 66, 15, 49, 59, 72, 76, 29, 64, 93, 10, 78, 61, 31, 33, 45, 48, 50, 8, 87]
Shuffled list begin: [34, 38, 99, 46, 55, 98, 91, 68, 42, 39, 7, 17, 12, 73, 54, 58, 88, 21, 95, 36, 77, 14, 25, 92, 11, 47, 22, 44, 69, 16, 2, 4, 80, 70, 81, 35, 40, 86, 1, 67, 6, 13, 27, 75, 23, 94, 24, 63, 89, 18, 97, 5, 3, 28, 30, 0, 66, 15, 49, 59, 72, 76, 29, 64, 93, 10, 78, 61, 31, 33, 45, 48, 50, 8, 87]
Shuffled list begin: [34, 38, 99, 46, 55, 98, 91, 68, 42, 39, 7, 17, 12, 73, 54, 58, 88, 21, 95, 36, 77, 14, 25, 92, 11, 47, 22, 44, 69, 16, 2, 4, 80, 70, 81, 35, 40, 86, 1, 67, 6, 13, 27, 75, 23, 94, 24, 63, 89, 18, 97, 5, 3, 28, 30, 0, 66, 15, 49, 59, 72, 76, 29, 64, 93, 10, 78, 61, 31, 33, 45, 48, 50, 8, 87]
Shuffled list begin: [34, 38, 99, 46, 55, 98, 91, 68, 42, 39, 7, 17, 12, 73, 54, 58, 88, 21, 95, 36, 77, 14, 25, 92, 11, 47, 22, 44, 69, 16, 2, 4, 80, 70, 81, 35, 40, 86, 1, 67, 6, 13, 27, 75, 23, 94, 24, 63, 89, 18, 97, 5, 3, 28, 30, 0, 66, 15, 49, 59, 72, 76, 29, 64, 93, 10, 78, 61, 31, 33, 45, 48, 50, 8, 87]
Shuffled list begin: [34, 38, 99, 46, 55, 98, 91, 68, 42, 39, 7, 17, 12, 73, 54, 58, 88, 21, 95, 36, 77, 14, 25, 92, 11, 47, 22, 44, 69, 16, 2, 4, 80, 70, 81, 35, 40, 86, 1, 67, 6, 13, 27, 75, 23, 94, 24, 63, 89, 18, 97, 5, 3, 28, 30, 0, 66, 15, 49, 59, 72, 76, 29, 64, 93, 10, 78, 61, 31, 33, 45, 48, 50, 8, 87]
Shuffled list begin: [34, 38, 99, 46, 55, 98, 91, 68, 42, 39, 7, 17, 12, 73, 54, 58, 88, 21, 95, 36, 77, 14, 25, 92, 11, 47, 22, 44, 69, 16, 2, 4, 80, 70, 81, 35, 40, 86, 1, 67, 6, 13, 27, 75, 23, 94, 24, 63, 89, 18, 97, 5, 3, 28, 30, 0, 66, 15, 49, 59, 72, 76, 29, 64, 93, 10, 78, 61, 31, 33, 45, 48, 50, 8, 87]
Shuffled list begin: [34, 38, 99, 46, 55, 98, 91, 68, 42, 39, 7, 17, 12, 73, 54, 58, 88, 21, 95, 36, 77, 14, 25, 92, 11, 47, 22, 44, 69, 16, 2, 4, 80, 70, 81, 35, 40, 86, 1, 67, 6, 13, 27, 75, 23, 94, 24, 63, 89, 18]
Shuffled list begin: [34, 38, 99, 46, 55, 98, 91, 68, 42, 39, 7, 17, 12, 73, 54, 58, 88, 21, 95, 36, 77, 14, 25, 92, 11, 47, 22, 44, 69, 16, 2, 4, 80, 70, 81, 35, 40, 86, 1, 67, 6, 13, 27, 75, 23, 94, 24, 63, 89, 18]
Shuffled list begin: [34, 38, 99, 46, 55, 98, 91, 68, 42, 39, 7, 17, 12, 73, 54, 58, 88, 21, 95, 36, 77, 14, 25, 92, 11, 47, 22, 44, 69, 16, 2, 4, 80, 70, 81, 35, 40, 86, 1, 67, 6, 13, 27, 75, 23, 94, 24, 63, 89, 18]
Shuffled list begin: [34, 38, 99, 46, 55, 98, 91, 68, 42, 39, 7, 17, 12, 73, 54, 58, 88, 21, 95, 36, 77, 14, 25, 92, 11, 47, 22, 44, 69, 16, 2, 4, 80, 70, 81, 35, 40, 86, 1, 67, 6, 13, 27, 75, 23, 94, 24, 63, 89, 18]
Shuffled list end: [34, 38, 99, 55, 98, 91, 68, 42, 39, 7, 17, 12, 73, 54, 58, 88, 21, 95, 36, 77, 14, 25, 92, 11, 47, 22, 44, 69, 16, 2, 4, 80, 70, 81, 35, 40, 86, 1, 67, 6, 13, 27, 75, 23, 94, 24, 63, 89, 18]
Spaceship: 2
current_weight: 3952.2999999999997
current_volume: 13.862000000000002
parcel amount: 51
Shuffled list begin: [34, 38, 99, 55, 98, 91, 68, 42, 39, 7, 17, 12, 73, 54, 58, 88, 21, 95, 36, 77, 14, 25, 92, 11, 47, 22, 44, 69, 16, 2, 4, 80, 70, 81, 35, 40, 86, 1, 67, 6, 13, 27, 75, 23, 94, 24, 63, 89, 18]
Shuffled list begin: [34, 38, 99, 55, 98, 91, 68, 42, 39, 7, 17, 12, 73, 54, 58, 88, 21, 95, 36, 77, 14, 25, 92, 11, 47, 22, 44, 69, 16, 2, 4, 80, 70, 81, 35, 40, 86, 1, 67, 6, 13, 27, 75, 23, 94, 24, 63, 89, 18]
Shuffled list begin: [34, 38, 99, 55, 98, 91, 68, 42, 39, 7, 17, 12, 73, 54, 58, 88, 21, 95, 36, 77, 14, 25, 92, 11, 47, 22, 44, 69, 16, 2, 4, 80, 70, 81, 35, 40, 86, 1, 67, 6, 13, 27, 75, 23, 94, 24, 63, 89, 18]
Shuffled list begin: [34, 38, 99, 55, 98, 91, 68, 42, 39, 7, 17, 12, 73, 54, 58, 88, 21, 95, 36, 77, 14, 25, 92, 11, 47, 22, 44, 69, 16, 2, 4, 80, 70, 81, 35, 40, 86, 1, 67, 6, 13, 27, 75, 23, 94, 24, 63, 89, 18]
Shuffled list begin: [34, 38, 99, 55, 98, 91, 68, 42, 39, 7, 17, 12, 73, 54, 58, 88, 21, 95, 36, 77, 14, 25, 92, 11, 47, 22, 44, 69, 16, 2, 4, 80, 70, 81, 35, 40, 86, 1, 67, 6, 13, 27, 75, 23, 94, 24, 63, 89, 18]
Shuffled list begin: [34, 38, 99, 55, 98, 91, 68, 42, 39, 7, 17, 12, 73, 54, 58, 88, 21, 95, 36, 77, 14, 25, 92, 11, 47, 22, 44, 69, 16, 2, 4, 80, 70, 81, 35, 40, 86, 1, 67, 6, 13, 27, 75, 23, 94, 24, 63, 89, 18]
Shuffled list begin: [34, 38, 99, 55, 98, 91, 68, 42, 39, 7, 17, 12, 73, 54, 58, 88, 21, 95, 36, 77, 14, 25, 92, 11, 47, 22, 44, 69, 16, 2, 4, 80, 70, 81, 35, 40, 86, 1, 67, 6, 13, 27, 75, 23, 94, 24, 63, 89, 18]
Shuffled list begin: [34, 38, 99, 55, 98, 91, 68, 42, 39, 7, 17, 12, 73, 54, 58, 88, 21, 95, 36, 77, 14, 25, 92, 11, 47, 22, 44, 69, 16, 2, 4, 80, 70, 81, 35, 40, 86, 1, 67, 6, 13, 27, 75, 23, 94, 24, 63, 89, 18]
Shuffled list begin: [34, 38, 99, 55, 98, 91, 68, 42, 39, 7, 17, 12, 73, 54, 58, 88, 21, 95, 36, 77, 14, 25, 92, 11, 47, 22, 44, 69, 16, 2, 4, 80, 70, 81, 35, 40, 86, 1, 67, 6, 13, 27, 75, 23, 94, 24, 63, 89, 18]
Shuffled list begin: [34, 38, 99, 55, 98, 91, 68, 42, 39, 7, 17, 12, 73, 54, 58, 88, 21, 95, 36, 77, 14, 25, 92, 11, 47, 22, 44, 69, 16, 2, 4, 80, 70, 81, 35, 40, 86, 1, 67, 6, 13, 27, 75, 23, 94, 24, 63, 89, 18]
Shuffled list begin: [34, 38, 99, 55, 98, 91, 68, 42, 39, 7, 17, 12, 73, 54, 58, 88, 21, 95, 36, 77, 14, 25, 92, 11, 47, 22, 44, 69, 16, 2, 4, 80, 70, 81, 35, 40, 86, 1, 67, 6, 13, 27, 75, 23, 94, 24, 63, 89, 18]
Shuffled list begin: [34, 38, 99, 55, 98, 91, 68, 42, 39, 7, 17, 12, 73, 54, 58, 88, 21, 95, 36, 77, 14, 25, 92, 11, 47, 22, 44, 69, 16, 2, 4, 80, 70, 81, 35, 40, 86, 1, 67, 6, 13, 27, 75, 23, 94, 24, 63, 89, 18]
Shuffled list begin: [34, 38, 99, 55, 98, 91, 68, 42, 39, 7, 17, 12, 73, 54, 58, 88, 21, 95, 36, 77, 14, 25, 92, 11, 47, 22, 44, 69, 16, 2, 4, 80, 70, 81, 35, 40, 86, 1, 67, 6, 13, 27, 75, 23, 94, 24, 63, 89, 18]
Shuffled list begin: [34, 38, 99, 55, 98, 91, 68, 42, 39, 7, 17, 12, 73, 54, 58, 88, 21, 95, 36, 77, 14, 25, 92, 11, 47, 22, 44, 69, 16, 2, 4, 80, 70, 81, 35, 40, 86, 1, 67, 6, 13, 27, 75, 23, 94, 24, 63, 89, 18]
Shuffled list begin: [34, 38, 99, 55, 98, 91, 68, 42, 39, 7, 17, 12, 73, 54, 58, 88, 21, 95, 36, 77, 14, 25, 92, 11, 47, 22, 44, 69, 16, 2, 4, 80, 70, 81, 35, 40, 86, 1, 67, 6, 13, 27, 75, 23, 94, 24, 63, 89, 18]
Shuffled list begin: [34, 38, 99, 55, 98, 91, 68, 42, 39, 7, 17, 12, 73, 54, 58, 88, 21, 95, 36, 77, 14, 25, 92, 11, 47, 22, 44, 69, 16, 2, 4, 80, 70, 81, 35, 40, 86, 1, 67, 6, 13, 27, 75, 23, 94, 24, 63, 89, 18]
Shuffled list begin: [34, 38, 99, 55, 98, 91, 68, 42, 39, 7, 17, 12, 73, 54, 58, 88, 21, 95, 36, 77, 14, 25, 92, 11, 47, 22, 44, 69, 16, 2, 4, 80, 70, 81, 35, 40, 86, 1, 67, 6, 13, 27, 75, 23, 94, 24, 63, 89, 18]
Shuffled list begin: [34, 38, 99, 55, 98, 91, 68, 42, 39, 7, 17, 12, 73, 54, 58, 88, 21, 95, 36, 77, 14, 25, 92, 11, 47, 22, 44, 69, 16, 2, 4, 80, 70, 81, 35, 40, 86, 1, 67, 6, 13, 27, 75, 23, 94, 24, 63, 89, 18]
Shuffled list begin: [34, 38, 99, 55, 98, 91, 68, 42, 39, 7, 17, 12, 73, 54, 58, 88, 21, 95, 36, 77, 14, 25, 92, 11, 47, 22, 44, 69, 16, 2, 4, 80, 70, 81, 35, 40, 86, 1, 67, 6, 13, 27, 75, 23, 94, 24, 63, 89, 18]
Shuffled list begin: [34, 38, 99, 55, 98, 91, 68, 42, 39, 7, 17, 12, 73, 54, 58, 88, 21, 95, 36, 77, 14, 25, 92, 11, 47, 22, 44, 69, 16, 2, 4, 80, 70, 81, 35, 40, 86, 1, 67, 6, 13, 27, 75, 23, 94, 24, 63, 89, 18]
Shuffled list begin: [34, 38, 99, 55, 98, 91, 68, 42, 39, 7, 17, 12, 73, 54, 58, 88, 21, 95, 36, 77, 14, 25, 92, 11, 47, 22, 44, 69, 16, 2, 4, 80, 70, 81, 35, 40, 86, 1, 67, 6, 13, 27, 75, 23, 94, 24, 63, 89, 18]
Shuffled list begin: [34, 38, 99, 55, 98, 91, 68, 42, 39, 7, 17, 12, 73, 54, 58, 88, 21, 95, 36, 77, 14, 25, 92, 11, 47, 22, 44, 69, 16, 2, 4, 80, 70, 81, 35, 40, 86, 1, 67, 6, 13, 27, 75, 23, 94, 24, 63, 89, 18]
Shuffled list begin: [34, 38, 99, 55, 98, 91, 68, 42, 39, 7, 17, 12, 73, 54, 58, 88, 21, 95, 36, 77, 14, 25, 92, 11, 47, 22, 44, 69, 16, 2, 4, 80, 70, 81, 35, 40, 86, 1, 67, 6, 13, 27, 75, 23, 94, 24, 63, 89, 18]
Shuffled list begin: [34, 38, 99, 55, 98, 91, 68, 42, 39, 7, 17, 12, 73, 54, 58, 88, 21, 95, 36, 77, 14, 25, 92, 11, 47, 22, 44, 69, 16, 2, 4, 80, 70, 81, 35, 40, 86, 1, 67, 6, 13, 27, 75, 23, 94, 24, 63, 89, 18]
Shuffled list begin: [34, 38, 99, 55, 98, 91, 68, 42, 39, 7, 17, 12, 73, 54, 58, 88, 21, 95, 36, 77, 14, 25, 92, 11, 47, 22, 44, 69, 16, 2, 4, 80, 70, 81, 35, 40, 86, 1, 67, 6, 13, 27, 75, 23, 94, 24, 63, 89, 18]
Shuffled list begin: [34, 38, 99, 55, 98, 91, 68, 42, 39, 7, 17, 12, 73, 54, 58, 88, 21, 95, 36, 77, 14, 25, 92, 11, 47, 22, 44, 69, 16, 2, 4, 80, 70, 81, 35, 40, 86, 1, 67, 6, 13, 27, 75, 23, 94, 24, 63, 89, 18]
Shuffled list begin: [34, 38, 99, 55, 98, 91, 68, 42, 39, 7, 17, 12, 73, 54, 58, 88, 21, 95, 36, 77, 14, 25, 92, 11, 47, 22, 44, 69, 16, 2, 4, 80, 70, 81, 35, 40, 86, 1, 67, 6, 13, 27, 75, 23, 94, 24, 63, 89, 18]
Shuffled list begin: [34, 38, 99, 55, 98, 91, 68, 42, 39, 7, 17, 12, 73, 54, 58, 88, 21, 95, 36, 77, 14, 25, 92, 11, 47, 22, 44, 69, 16, 2, 4, 80, 70, 81, 35, 40, 86, 1, 67, 6, 13, 27, 75, 23, 94, 24, 63, 89, 18]
Shuffled list begin: [34, 38, 99, 55, 98, 91, 68, 42, 39, 7, 17, 12, 73, 54, 58, 88, 21, 95, 36, 77, 14, 25, 92, 11, 47, 22, 44, 69, 16, 2, 4, 80, 70, 81, 35, 40, 86, 1, 67, 6, 13, 27, 75, 23, 94, 24, 63, 89, 18]
Shuffled list begin: [34, 38, 99, 55, 98, 91, 68, 42, 39, 7, 17, 12, 73, 54, 58, 88, 21, 95, 36, 77, 14, 25, 92, 11, 47, 22, 44, 69, 16, 2, 4, 80, 70, 81, 35, 40, 86, 1, 67, 6, 13, 27, 75, 23, 94, 24, 63, 89, 18]
Shuffled list begin: [34, 38, 99, 55, 98, 91, 68, 42, 39, 7, 17, 12, 73, 54, 58, 88, 21, 95, 36, 77, 14, 25, 92, 11, 47, 22, 44, 69, 16, 2, 4, 80, 70, 81, 35, 40, 86, 1, 67, 6, 13, 27, 75, 23, 94, 24, 63, 89, 18]
Shuffled list begin: [34, 38, 99, 55, 98, 91, 68, 42, 39, 7, 17, 12, 73, 54, 58, 88, 21, 95, 36, 77, 14, 25, 92, 11, 47, 22, 44, 69, 16, 2, 4, 80, 70, 81, 35, 40, 86, 1, 67, 6, 13, 27, 75, 23, 94, 24, 63, 89, 18]
Shuffled list begin: [34, 38, 99, 55, 98, 91, 68, 42, 39, 7, 17, 12, 73, 54, 58, 88, 21, 95, 36, 77, 14, 25, 92, 11, 47, 22, 44, 69, 16, 2, 4, 80, 70, 81, 35, 40, 86, 1, 67, 6, 13, 27, 75, 23, 94, 24, 63, 89, 18]
Shuffled list begin: [34, 38, 99, 55, 98, 91, 68, 42, 39, 7, 17, 12, 73, 54, 58, 88, 21, 95, 36, 77, 14, 25, 92, 11, 47, 22, 44, 69, 16, 2, 4, 80, 70, 81, 35, 40, 86, 1, 67, 6, 13, 27, 75, 23, 94, 24, 63, 89, 18]
Shuffled list begin: [34, 38, 99, 55, 98, 91, 68, 42, 39, 7, 17, 12, 73, 54, 58, 88, 21, 95, 36, 77, 14, 25, 92, 11, 47, 22, 44, 69, 16, 2, 4, 80, 70, 81, 35, 40, 86, 1, 67, 6, 13, 27, 75, 23, 94, 24, 63, 89, 18]
Shuffled list begin: [34, 38, 99, 55, 98, 91, 68, 42, 39, 7, 17, 12, 73, 54, 58, 88, 21, 95, 36, 77, 14, 25, 92, 11, 47, 22, 44, 69, 16, 2, 4, 80, 70, 81, 35, 40, 86, 1, 67, 6, 13, 27, 75, 23, 94, 24, 63, 89, 18]
Shuffled list begin: [34, 38, 99, 55, 98, 91, 68, 42, 39, 7, 17, 12, 73, 54, 58, 88, 21, 95, 36, 77, 14, 25, 92, 11, 47, 22, 44, 69, 16, 2, 4, 80, 70, 81, 35, 40, 86, 1, 67, 6, 13, 27, 75, 23, 94, 24, 63, 89, 18]
Shuffled list begin: [34, 38, 99, 55, 98, 91, 68, 42, 39, 7, 17, 12, 73, 54, 58, 88, 21, 95, 36, 77, 14, 25, 92, 11, 47, 22, 44, 69, 16, 2, 4, 80, 70, 81, 35, 40, 86, 1, 67, 6, 13, 27, 75, 23, 94, 24, 63, 89, 18]
Shuffled list begin: [34, 38, 99, 55, 98, 91, 68, 42, 39, 7, 17, 12, 73, 54, 58, 88, 21, 95, 36, 77, 14, 25, 92, 11, 47, 22, 44, 69, 16, 2, 4, 80, 70, 81, 35, 40, 86, 1, 67, 6, 13, 27, 75, 23, 94, 24, 63, 89, 18]
Shuffled list begin: [34, 38, 99, 55, 98, 91, 68, 42, 39, 7, 17, 12, 73, 54, 58, 88, 21, 95, 36, 77, 14, 25, 92, 11, 47, 22, 44, 69, 16, 2, 4, 80, 70, 81, 35, 40, 86, 1, 67, 6, 13, 27, 75, 23, 94, 24, 63, 89, 18]
Shuffled list begin: [34, 38, 99, 55, 98, 91, 68, 42, 39, 7, 17, 12, 73, 54, 58, 88, 21, 95, 36, 77, 14, 25, 92, 11, 47, 22, 44, 69, 16, 2, 4, 80, 70, 81, 35, 40, 86, 1, 67, 6, 13, 27, 75, 23, 94, 24, 63, 89, 18]
Shuffled list begin: [34, 38, 99, 55, 98, 91, 68, 42, 39, 7, 17, 12, 73, 54, 58, 88, 21, 95, 36, 77, 14, 25, 92, 11, 47, 22, 44, 69, 16, 2, 4, 80, 70, 81, 35, 40, 86, 1, 67, 6, 13, 27, 75, 23, 94, 24, 63, 89, 18]
Shuffled list begin: [34, 38, 99, 55, 98, 91, 68, 42, 39, 7, 17, 12, 73, 54, 58, 88, 21, 95, 36, 77, 14, 25, 92, 11, 47, 22, 44, 69, 16, 2, 4, 80, 70, 81, 35, 40, 86, 1, 67, 6, 13, 27, 75, 23, 94, 24, 63, 89, 18]
Shuffled list begin: [34, 38, 99, 55, 98, 91, 68, 42, 39, 7, 17, 12, 73, 54, 58, 88, 21, 95, 36, 77, 14, 25, 92, 11, 47, 22, 44, 69, 16, 2, 4, 80, 70, 81, 35, 40, 86, 1, 67, 6, 13, 27, 75, 23, 94, 24, 63, 89, 18]
Shuffled list begin: [34, 38, 99, 55, 98, 91, 68, 42, 39, 7, 17, 12, 73, 54, 58, 88, 21, 95, 36, 77, 14, 25, 92, 11, 47, 22, 44, 69, 16, 2, 4, 80, 70, 81, 35, 40, 86, 1, 67, 6, 13, 27, 75, 23, 94, 24, 63, 89, 18]
Shuffled list begin: [34, 38, 99, 55, 98, 91, 68, 42, 39, 7, 17, 12, 73, 54, 58, 88, 21, 95, 36, 77, 14, 25, 92, 11, 47, 22, 44, 69, 16, 2]
Shuffled list begin: [34, 38, 99, 55, 98, 91, 68, 42, 39, 7, 17, 12, 73, 54, 58, 88, 21, 95, 36, 77, 14, 25, 92, 11, 47, 22, 44, 69, 16, 2]
Shuffled list begin: [34, 38, 99, 55, 98, 91, 68, 42, 39, 7, 17, 12, 73, 54, 58, 88, 21, 95, 36, 77, 14, 25, 92, 11, 47, 22, 44, 69, 16, 2]
Shuffled list begin: [34, 38, 99, 55, 98, 91, 68, 42, 39, 7, 17, 12, 73, 54, 58, 88, 21, 95, 36, 77, 14, 25, 92, 11, 47, 22, 44, 69, 16, 2]
Shuffled list begin: [34, 38, 99, 55, 98, 91, 68, 42, 39, 7, 17, 12, 73, 54, 58, 88, 21, 95, 36, 77, 14, 25, 92, 11, 47, 22, 44, 69, 16, 2]
Shuffled list begin: [34, 38, 99, 55, 98, 91, 68, 42, 39, 7, 17, 12, 73, 54, 58, 88, 21, 95, 36, 77, 14, 25, 92, 11, 47, 22, 44, 69, 16, 2]
Shuffled list begin: [34, 38, 99, 55, 98, 91, 68, 42, 39, 7, 17, 12, 73, 54, 58, 88, 21, 95, 36, 77, 14, 25, 92, 11, 47, 22, 44, 69, 16, 2]
Shuffled list begin: [34, 38, 99, 55, 98, 91, 68, 42, 39, 7, 17, 12, 73, 54, 58, 88, 21, 95, 36, 77, 14, 25, 92, 11, 47, 22, 44, 69, 16, 2]
Shuffled list begin: [34, 38, 99, 55, 98, 91, 68, 42, 39, 7, 17, 12, 73, 54, 58, 88, 21, 95, 36, 77, 14, 25, 92, 11, 47, 22, 44, 69, 16, 2]
Shuffled list begin: [34, 38, 99, 55, 98, 91, 68, 42, 39, 7, 17, 12, 73, 54, 58, 88, 21, 95, 36, 77, 14, 25, 92, 11, 47, 22, 44, 69, 16, 2]
Shuffled list begin: [34, 38, 99, 55, 98, 91, 68, 42, 39, 7, 17, 12, 73, 54, 58, 88, 21, 95, 36, 77, 14, 25, 92, 11, 47, 22, 44, 69, 16, 2]
Shuffled list begin: [34, 38, 99, 55, 98, 91, 68, 42, 39, 7, 17, 12, 73, 54, 58, 88, 21, 95, 36, 77, 14, 25, 92, 11, 47, 22, 44, 69, 16, 2]
Shuffled list begin: [34, 38, 99, 55, 98, 91, 68, 42, 39, 7, 17, 12, 73, 54, 58, 88, 21, 95, 36, 77, 14, 25, 92, 11, 47, 22, 44, 69, 16, 2]
Shuffled list begin: [34, 38, 99, 55, 98, 91, 68, 42, 39, 7, 17, 12, 73, 54, 58, 88, 21, 95, 36, 77, 14, 25, 92, 11, 47, 22, 44, 69, 16, 2]
Shuffled list end: [34, 38, 99, 55, 98, 91, 68, 42, 39, 7, 17, 12, 73, 58, 88, 21, 95, 36, 77, 14, 25, 92, 11, 47, 22, 44, 69, 16, 2]
Spaceship: 3
current_weight: 2942.3000000000006
current_volume: 9.918999999999999
parcel amount: 71
Shuffled list begin: [34, 38, 99, 55, 98, 91, 68, 42, 39, 7, 17, 12, 73, 58, 88, 21, 95, 36, 77, 14, 25, 92, 11, 47, 22, 44, 69, 16, 2]
Shuffled list begin: [34, 38, 99, 55, 98, 91, 68, 42, 39, 7, 17, 12, 73, 58, 88, 21, 95, 36, 77, 14, 25, 92, 11, 47, 22, 44, 69, 16, 2]
Shuffled list begin: [34, 38, 99, 55, 98, 91, 68, 42, 39, 7, 17, 12, 73, 58, 88, 21, 95, 36, 77, 14, 25, 92, 11, 47, 22, 44, 69, 16, 2]
Shuffled list begin: [34, 38, 99, 55, 98, 91, 68, 42, 39, 7, 17, 12, 73, 58, 88, 21, 95, 36, 77, 14, 25, 92, 11, 47, 22, 44, 69, 16, 2]
Shuffled list begin: [34, 38, 99, 55, 98, 91, 68, 42, 39, 7, 17, 12, 73, 58, 88, 21, 95, 36, 77, 14, 25, 92, 11, 47, 22, 44, 69, 16, 2]
Shuffled list begin: [34, 38, 99, 55, 98, 91, 68, 42, 39, 7, 17, 12, 73, 58, 88, 21, 95, 36, 77, 14, 25, 92, 11, 47, 22, 44, 69, 16, 2]
Shuffled list begin: [34, 38, 99, 55, 98, 91, 68, 42, 39, 7, 17, 12, 73, 58, 88, 21, 95, 36, 77, 14, 25, 92, 11, 47, 22, 44, 69, 16, 2]
Shuffled list begin: [34, 38, 99, 55, 98, 91, 68, 42, 39, 7, 17, 12, 73, 58, 88, 21, 95, 36, 77, 14, 25, 92, 11, 47, 22, 44, 69, 16, 2]
Shuffled list begin: [34, 38, 99, 55, 98, 91, 68, 42, 39, 7, 17, 12, 73, 58, 88, 21, 95, 36, 77, 14, 25, 92, 11, 47, 22, 44, 69, 16, 2]
Shuffled list begin: [34, 38, 99, 55, 98, 91, 68, 42, 39, 7, 17, 12, 73, 58, 88, 21, 95, 36, 77, 14, 25, 92, 11, 47, 22, 44, 69, 16, 2]
Shuffled list begin: [34, 38, 99, 55, 98, 91, 68, 42, 39, 7, 17, 12, 73, 58, 88, 21, 95, 36, 77, 14, 25, 92, 11, 47, 22, 44, 69, 16, 2]
Shuffled list begin: [34, 38, 99, 55, 98, 91, 68, 42, 39, 7, 17, 12, 73, 58, 88, 21, 95, 36, 77, 14, 25, 92, 11, 47, 22, 44, 69, 16, 2]
Shuffled list begin: [34, 38, 99, 55, 98, 91, 68, 42, 39, 7, 17, 12, 73, 58, 88, 21, 95, 36, 77, 14, 25, 92, 11, 47, 22, 44, 69, 16, 2]
Shuffled list begin: [34, 38, 99, 55, 98, 91, 68, 42, 39, 7, 17, 12, 73, 58, 88, 21, 95, 36, 77, 14, 25, 92, 11, 47, 22, 44, 69, 16, 2]
Shuffled list begin: [34, 38, 99, 55, 98, 91, 68, 42, 39, 7, 17, 12, 73, 58, 88, 21, 95, 36, 77, 14, 25, 92, 11, 47, 22, 44, 69, 16, 2]
19:38:52: Finished running 1 times.
Maximum amount of parcels in ship: 71
