19:46:09: Start random algorithm...
Shuffled list begin: [16, 87, 72, 56, 33, 27, 40, 14, 77, 17, 28, 15, 84, 0, 75, 79, 67, 85, 82, 52, 13, 5, 51, 88, 60, 12, 97, 45, 8, 48, 34, 93, 70, 4, 90, 94, 26, 20, 65, 36, 74, 7, 25, 81, 18, 46, 53, 71, 39, 43, 91, 86, 2, 64, 54, 9, 95, 61, 83, 80, 11, 23, 73, 55, 44, 30, 10, 37, 19, 42, 76, 59, 41, 99, 6, 49, 63, 92, 24, 96, 78, 3, 21, 89, 47, 22, 31, 66, 57]
Shuffled list begin: [16, 87, 72, 56, 33, 27, 40, 14, 77, 17, 28, 15, 84, 0, 75, 79, 67, 85, 82, 52, 13, 5, 51, 88, 60, 12, 97, 45, 8, 48, 34, 93, 70, 4, 90, 94, 26, 20, 65, 36, 74, 7, 25, 81, 18, 46, 53, 71, 39, 43, 91, 86, 2, 64, 54, 9, 95, 61, 83, 80, 11, 23, 73, 55, 44, 30, 10, 37, 19, 42, 76, 59, 41, 99, 6, 49, 63, 92, 24, 96, 78, 3, 21, 89, 47, 22, 31, 66, 57]
87
162.8
Shuffled list end: [16, 72, 56, 33, 27, 40, 14, 77, 17, 28, 15, 84, 0, 75, 79, 67, 85, 82, 52, 13, 5, 51, 88, 60, 12, 97, 45, 8, 48, 34, 93, 70, 4, 90, 94, 26, 20, 65, 36, 74, 7, 25, 81, 18, 46, 53, 71, 39, 43, 91, 86, 2, 64, 54, 9, 95, 61, 83, 80, 11, 23, 73, 55, 44, 30, 10, 37, 19, 42, 76, 59, 41, 99, 6, 49, 63, 92, 24, 96, 78, 3, 21, 89, 47, 22, 31, 66, 57]
Spaceship: 0
current_weight: 1980.8999999999999
current_volume: 6.184000000000001
parcel amount: 12
Shuffled list begin: [16, 72, 56, 33, 27, 40, 14, 77, 17, 28, 15, 84, 0, 75, 79, 67, 85, 82, 52, 13, 5, 51, 88, 60, 12, 97, 45, 8, 48, 34, 93, 70, 4, 90, 94, 26, 20, 65, 36, 74, 7, 25, 81, 18, 46, 53, 71, 39, 43, 91, 86, 2, 64, 54, 9, 95, 61, 83, 80, 11, 23, 73, 55, 44, 30, 10, 37, 19, 42, 76, 59, 41, 99, 6, 49, 63, 92, 24, 96, 78, 3, 21, 89, 47, 22, 31, 66, 57]
Shuffled list begin: [16, 72, 56, 33, 27, 40, 14, 77, 17, 28, 15, 84, 0, 75, 79, 67, 85, 82, 52, 13, 5, 51, 88, 60, 12, 97, 45, 8, 48, 34, 93, 70, 4, 90, 94, 26, 20, 65, 36, 74, 7, 25, 81, 18, 46, 53, 71, 39, 43, 91, 86, 2, 64, 54, 9, 95, 61, 83, 80, 11, 23, 73, 55, 44, 30, 10, 37, 19, 42, 76, 59, 41, 99, 6, 49, 63, 92, 24, 96, 78, 3, 21, 89, 47, 22, 31, 66, 57]
Shuffled list begin: [16, 72, 56, 33, 27, 40, 14, 77, 17, 28, 15, 84, 0, 75, 79, 67, 85, 82, 52, 13, 5, 51, 88, 60, 12, 97, 45, 8, 48, 34, 93, 70, 4, 90, 94, 26, 20, 65, 36, 74, 7, 25, 81, 18, 46, 53, 71, 39, 43, 91, 86, 2, 64, 54, 9, 95, 61, 83, 80, 11, 23, 73, 55, 44, 30, 10, 37, 19, 42, 76, 59, 41, 99, 6, 49, 63, 92, 24, 96, 78, 3, 21, 89, 47, 22, 31, 66, 57]
Shuffled list begin: [16, 72, 56, 33, 27, 40, 14, 77, 17, 28, 15, 84, 0, 75, 79, 67, 85, 82, 52, 13, 5, 51, 88, 60, 12, 97, 45, 8, 48, 34, 93, 70, 4, 90, 94, 26, 20, 65, 36, 74, 7, 25, 81, 18, 46, 53, 71, 39, 43, 91, 86, 2, 64, 54, 9, 95, 61, 83, 80, 11, 23, 73, 55, 44, 30, 10, 37, 19, 42, 76, 59, 41, 99, 6, 49, 63, 92, 24, 96, 78, 3, 21, 89, 47, 22, 31, 66, 57]
Shuffled list begin: [16, 72, 56, 33, 27, 40, 14, 77, 17, 28, 15, 84, 0, 75, 79, 67, 85, 82, 52, 13, 5, 51, 88, 60, 12, 97, 45, 8, 48, 34, 93, 70, 4, 90, 94, 26, 20, 65, 36, 74, 7, 25, 81, 18, 46, 53, 71, 39, 43, 91, 86, 2, 64, 54, 9, 95, 61, 83, 80, 11, 23, 73, 55, 44, 30, 10, 37, 19, 42, 76, 59, 41, 99, 6, 49, 63, 92, 24, 96, 78, 3, 21, 89, 47, 22, 31, 66, 57]
Shuffled list begin: [16, 72, 56, 33, 27, 40, 14, 77, 17, 28, 15, 84, 0, 75, 79, 67, 85, 82, 52, 13, 5, 51, 88, 60, 12, 97, 45, 8, 48, 34, 93, 70, 4, 90, 94, 26, 20, 65, 36, 74, 7, 25, 81, 18, 46, 53, 71, 39, 43, 91, 86, 2, 64, 54, 9, 95, 61, 83, 80, 11, 23, 73, 55, 44, 30, 10, 37, 19, 42, 76, 59, 41, 99, 6, 49, 63, 92, 24, 96, 78, 3, 21, 89, 47, 22, 31, 66, 57]
Shuffled list begin: [16, 72, 56, 33, 27, 40, 14, 77, 17, 28, 15, 84, 0, 75, 79, 67, 85, 82, 52, 13, 5, 51, 88, 60, 12, 97, 45, 8, 48, 34, 93, 70, 4, 90, 94, 26, 20, 65, 36, 74, 7, 25, 81, 18, 46, 53, 71, 39, 43, 91, 86, 2, 64, 54, 9, 95, 61, 83, 80, 11, 23, 73, 55, 44, 30, 10, 37, 19, 42, 76, 59, 41, 99, 6, 49, 63, 92, 24, 96, 78, 3, 21, 89, 47, 22, 31, 66, 57]
Shuffled list begin: [16, 72, 56, 33, 27, 40, 14, 77, 17, 28, 15, 84, 0, 75, 79, 67, 85, 82, 52, 13, 5, 51, 88, 60, 12, 97, 45, 8, 48, 34, 93, 70, 4, 90, 94, 26, 20, 65, 36, 74, 7, 25, 81, 18, 46, 53, 71, 39, 43, 91, 86, 2, 64, 54, 9, 95, 61, 83, 80, 11, 23, 73, 55, 44, 30, 10, 37, 19, 42, 76, 59, 41, 99, 6, 49, 63, 92, 24, 96, 78, 3, 21, 89, 47, 22, 31, 66, 57]
Shuffled list begin: [16, 72, 56, 33, 27, 40, 14, 77, 17, 28, 15, 84, 0, 75, 79, 67, 85, 82, 52, 13, 5, 51, 88, 60, 12, 97, 45, 8, 48, 34, 93, 70, 4, 90, 94, 26, 20, 65, 36, 74, 7, 25, 81, 18, 46, 53, 71, 39, 43, 91, 86, 2, 64, 54, 9, 95, 61, 83, 80, 11, 23, 73, 55, 44, 30, 10, 37, 19, 42, 76, 59, 41, 99, 6, 49, 63, 92, 24, 96, 78, 3, 21, 89, 47, 22, 31, 66, 57]
Shuffled list begin: [16, 72, 56, 33, 27, 40, 14, 77, 17, 28, 15, 84, 0, 75, 79, 67, 85, 82, 52, 13, 5, 51, 88, 60, 12, 97, 45, 8, 48, 34, 93, 70, 4, 90, 94, 26, 20, 65, 36, 74, 7, 25, 81, 18, 46, 53, 71, 39, 43, 91, 86, 2, 64, 54, 9, 95, 61, 83, 80, 11, 23, 73, 55, 44, 30, 10, 37, 19, 42, 76, 59, 41, 99, 6, 49, 63, 92, 24, 96, 78, 3, 21, 89, 47, 22, 31, 66, 57]
Shuffled list begin: [16, 72, 56, 33, 27, 40, 14, 77, 17, 28, 15, 84, 0, 75, 79, 67, 85, 82, 52, 13, 5, 51, 88, 60, 12, 97, 45, 8, 48, 34, 93, 70, 4, 90, 94, 26, 20, 65, 36, 74, 7, 25, 81, 18, 46, 53, 71, 39, 43, 91, 86, 2, 64, 54, 9, 95, 61, 83, 80, 11, 23, 73, 55, 44, 30, 10, 37, 19, 42, 76, 59, 41, 99, 6, 49, 63, 92, 24, 96, 78, 3, 21, 89, 47, 22, 31, 66, 57]
Shuffled list begin: [16, 72, 56, 33, 27, 40, 14, 77, 17, 28, 15, 84, 0, 75, 79, 67, 85, 82, 52, 13, 5, 51, 88, 60, 12, 97, 45, 8, 48, 34, 93, 70, 4, 90, 94, 26, 20, 65, 36, 74, 7, 25, 81, 18, 46, 53, 71, 39, 43, 91, 86, 2, 64, 54, 9, 95, 61, 83, 80, 11, 23, 73, 55, 44, 30, 10, 37, 19, 42, 76, 59, 41, 99, 6, 49, 63, 92, 24, 96, 78, 3, 21, 89, 47, 22, 31, 66, 57]
Shuffled list begin: [16, 72, 56, 33, 27, 40, 14, 77, 17, 28, 15, 84, 0, 75, 79, 67, 85, 82, 52, 13, 5, 51, 88, 60, 12, 97, 45, 8, 48, 34, 93, 70, 4, 90, 94, 26, 20, 65, 36, 74, 7, 25, 81, 18, 46, 53, 71, 39, 43, 91, 86, 2, 64, 54, 9, 95, 61, 83, 80, 11, 23, 73, 55, 44, 30, 10, 37, 19, 42, 76, 59, 41, 99, 6, 49, 63, 92, 24, 96, 78, 3, 21, 89, 47, 22, 31, 66, 57]
Shuffled list begin: [16, 72, 56, 33, 27, 40, 14, 77, 17, 28, 15, 84, 0, 75, 79, 67, 85, 82, 52, 13, 5, 51, 88, 60, 12, 97, 45, 8, 48, 34, 93, 70, 4, 90, 94, 26, 20, 65, 36, 74, 7, 25, 81, 18, 46, 53, 71, 39, 43, 91, 86, 2, 64, 54, 9, 95, 61, 83, 80, 11, 23, 73, 55, 44, 30, 10, 37, 19, 42, 76, 59, 41, 99, 6, 49, 63, 92, 24, 96, 78, 3, 21, 89, 47, 22, 31, 66, 57]
Shuffled list begin: [16, 72, 56, 33, 27, 40, 14, 77, 17, 28, 15, 84, 0, 75, 79, 67, 85, 82, 52, 13, 5, 51, 88, 60, 12, 97, 45, 8, 48, 34, 93, 70, 4, 90, 94, 26, 20, 65, 36, 74, 7, 25, 81, 18, 46, 53, 71, 39, 43, 91, 86, 2, 64, 54, 9, 95, 61, 83, 80, 11, 23, 73, 55, 44, 30, 10, 37, 19, 42, 76, 59, 41, 99, 6, 49, 63, 92, 24, 96, 78, 3, 21, 89, 47, 22, 31, 66, 57]
Shuffled list begin: [16, 72, 56, 33, 27, 40, 14, 77, 17, 28, 15, 84, 0, 75, 79, 67, 85, 82, 52, 13, 5, 51, 88, 60, 12, 97, 45, 8, 48, 34, 93, 70, 4, 90, 94, 26, 20, 65, 36, 74, 7, 25, 81, 18, 46, 53, 71, 39, 43, 91, 86, 2, 64, 54, 9, 95, 61, 83, 80, 11, 23, 73, 55, 44, 30, 10, 37, 19, 42, 76, 59, 41, 99, 6, 49, 63, 92, 24, 96, 78, 3, 21, 89, 47, 22, 31, 66, 57]
Shuffled list begin: [16, 72, 56, 33, 27, 40, 14, 77, 17, 28, 15, 84, 0, 75, 79, 67, 85, 82, 52, 13, 5, 51, 88, 60, 12, 97, 45, 8, 48, 34, 93, 70, 4, 90, 94, 26, 20, 65, 36, 74, 7, 25, 81, 18, 46, 53, 71, 39, 43, 91, 86, 2, 64, 54, 9, 95, 61, 83, 80, 11, 23, 73, 55, 44, 30, 10, 37, 19, 42, 76, 59, 41, 99, 6, 49, 63, 92, 24, 96, 78, 3, 21, 89, 47, 22, 31, 66, 57]
Shuffled list begin: [16, 72, 56, 33, 27, 40, 14, 77, 17, 28, 15, 84, 0, 75, 79, 67, 85, 82, 52, 13, 5, 51, 88, 60, 12, 97, 45, 8, 48, 34, 93, 70, 4, 90, 94, 26, 20, 65, 36, 74, 7, 25, 81, 18, 46, 53, 71, 39, 43, 91, 86, 2, 64, 54, 9, 95, 61, 83, 80, 11, 23, 73, 55, 44, 30, 10, 37, 19, 42, 76, 59, 41, 99, 6, 49, 63, 92, 24, 96, 78, 3, 21, 89, 47, 22, 31, 66, 57]
Shuffled list begin: [16, 72, 56, 33, 27, 40, 14, 77, 17, 28, 15, 84, 0, 75, 79, 67, 85, 82, 52, 13, 5, 51, 88, 60, 12, 97, 45, 8, 48, 34, 93, 70, 4, 90, 94, 26, 20, 65, 36, 74, 7, 25, 81, 18, 46, 53, 71, 39, 43, 91, 86, 2, 64, 54, 9, 95, 61, 83, 80, 11, 23, 73, 55, 44, 30, 10, 37, 19, 42, 76, 59, 41, 99, 6, 49, 63, 92, 24, 96, 78, 3, 21, 89, 47, 22, 31, 66, 57]
Shuffled list begin: [16, 72, 56, 33, 27, 40, 14, 77, 17, 28, 15, 84, 0, 75, 79, 67, 85, 82, 52, 13, 5, 51, 88, 60, 12, 97, 45, 8, 48, 34, 93, 70, 4, 90, 94, 26, 20, 65, 36, 74, 7, 25, 81, 18, 46, 53, 71, 39, 43, 91, 86, 2, 64, 54, 9, 95, 61, 83, 80, 11, 23, 73, 55, 44, 30, 10, 37, 19, 42, 76, 59, 41, 99, 6, 49, 63, 92, 24, 96, 78, 3, 21, 89, 47, 22, 31, 66, 57]
Shuffled list begin: [16, 72, 56, 33, 27, 40, 14, 77, 17, 28, 15, 84, 0, 75, 79, 67, 85, 82, 52, 13, 5, 51, 88, 60, 12, 97, 45, 8, 48, 34, 93, 70, 4, 90, 94, 26, 20, 65, 36, 74, 7, 25, 81, 18, 46, 53, 71, 39, 43, 91, 86, 2, 64, 54, 9, 95, 61, 83, 80, 11, 23, 73, 55, 44, 30, 10, 37, 19, 42, 76, 59, 41, 99, 6, 49, 63, 92, 24, 96, 78, 3, 21, 89, 47, 22, 31, 66, 57]
Shuffled list begin: [16, 72, 56, 33, 27, 40, 14, 77, 17, 28, 15, 84, 0, 75, 79, 67, 85, 82, 52, 13, 5, 51, 88, 60, 12, 97, 45, 8, 48, 34, 93, 70, 4, 90, 94, 26, 20, 65, 36, 74, 7, 25, 81, 18, 46, 53, 71, 39, 43, 91, 86, 2, 64, 54, 9, 95, 61, 83, 80, 11, 23, 73, 55, 44, 30, 10, 37, 19, 42, 76, 59, 41, 99, 6, 49, 63, 92, 24, 96, 78, 3, 21, 89, 47, 22, 31, 66, 57]
Shuffled list begin: [16, 72, 56, 33, 27, 40, 14, 77, 17, 28, 15, 84, 0, 75, 79, 67, 85, 82, 52, 13, 5, 51, 88, 60, 12, 97, 45, 8, 48, 34, 93, 70, 4, 90, 94, 26, 20, 65, 36, 74, 7, 25, 81, 18, 46, 53, 71, 39, 43, 91, 86, 2, 64, 54, 9, 95, 61, 83, 80, 11, 23, 73, 55, 44, 30, 10, 37, 19, 42, 76, 59, 41, 99, 6, 49, 63, 92, 24, 96, 78, 3, 21, 89, 47, 22, 31, 66, 57]
Shuffled list begin: [16, 72, 56, 33, 27, 40, 14, 77, 17, 28, 15, 84, 0, 75, 79, 67, 85, 82, 52, 13, 5, 51, 88, 60, 12, 97, 45, 8, 48, 34, 93, 70, 4, 90, 94, 26, 20, 65, 36, 74, 7, 25, 81, 18, 46, 53, 71, 39, 43, 91, 86, 2, 64, 54, 9, 95, 61, 83, 80, 11, 23, 73, 55, 44, 30, 10, 37, 19, 42, 76, 59, 41, 99, 6, 49, 63, 92, 24, 96, 78, 3, 21, 89, 47, 22, 31, 66, 57]
Shuffled list begin: [16, 72, 56, 33, 27, 40, 14, 77, 17, 28, 15, 84, 0, 75, 79, 67, 85, 82, 52, 13, 5, 51, 88, 60, 12, 97, 45, 8, 48, 34, 93, 70, 4, 90, 94, 26, 20, 65, 36, 74, 7, 25, 81, 18, 46, 53, 71, 39, 43, 91, 86, 2, 64, 54, 9, 95, 61, 83, 80, 11, 23, 73, 55, 44, 30, 10, 37, 19, 42, 76, 59, 41, 99, 6, 49, 63, 92, 24, 96, 78, 3, 21, 89, 47, 22, 31, 66, 57]
Shuffled list begin: [16, 72, 56, 33, 27, 40, 14, 77, 17, 28, 15, 84, 0, 75, 79, 67, 85, 82, 52, 13, 5, 51, 88, 60, 12, 97, 45, 8, 48, 34, 93, 70, 4, 90, 94, 26, 20, 65, 36, 74, 7, 25, 81, 18, 46, 53, 71, 39, 43, 91, 86, 2, 64, 54, 9, 95, 61, 83, 80, 11, 23, 73, 55, 44, 30, 10, 37, 19, 42, 76, 59, 41, 99, 6, 49, 63, 92, 24, 96, 78, 3, 21, 89, 47, 22, 31, 66, 57]
Shuffled list begin: [16, 72, 56, 33, 27, 40, 14, 77, 17, 28, 15, 84, 0, 75, 79, 67, 85, 82, 52, 13, 5, 51, 88, 60, 12, 97, 45, 8, 48, 34, 93, 70, 4, 90, 94, 26, 20, 65, 36, 74, 7, 25, 81, 18, 46, 53, 71, 39, 43, 91, 86, 2, 64, 54, 9, 95, 61, 83, 80, 11, 23, 73, 55, 44, 30, 10, 37, 19, 42, 76, 59, 41, 99, 6, 49, 63, 92, 24, 96, 78, 3, 21, 89, 47, 22, 31, 66, 57]
Shuffled list begin: [16, 72, 56, 33, 27, 40, 14, 77, 17, 28, 15, 84, 0, 75, 79, 67, 85, 82, 52, 13, 5, 51, 88, 60, 12, 97, 45, 8, 48, 34, 93, 70, 4, 90, 94, 26, 20, 65, 36, 74, 7, 25, 81, 18, 46, 53, 71, 39, 43, 91, 86, 2, 64, 54, 9, 95, 61, 83, 80, 11, 23, 73, 55, 44, 30, 10, 37, 19, 42, 76, 59, 41, 99, 6, 49, 63, 92, 24, 96, 78, 3, 21, 89, 47, 22, 31, 66, 57]
Shuffled list begin: [16, 72, 56, 33, 27, 40, 14, 77, 17, 28, 15, 84, 0, 75, 79, 67, 85, 82, 52, 13, 5, 51, 88, 60, 12, 97, 45, 8, 48, 34, 93, 70, 4, 90, 94, 26, 20, 65, 36, 74, 7, 25, 81, 18, 46, 53, 71, 39, 43, 91, 86, 2, 64, 54, 9, 95, 61, 83, 80, 11, 23, 73, 55, 44, 30, 10, 37, 19, 42, 76, 59, 41, 99, 6, 49, 63, 92, 24, 96, 78, 3, 21, 89, 47, 22, 31, 66, 57]
Shuffled list begin: [16, 72, 56, 33, 27, 40, 14, 77, 17, 28, 15, 84, 0, 75, 79, 67, 85, 82, 52, 13, 5, 51, 88, 60, 12, 97, 45, 8, 48, 34, 93, 70, 4, 90, 94, 26, 20, 65, 36, 74, 7, 25, 81, 18, 46, 53, 71, 39, 43, 91, 86, 2, 64, 54, 9, 95, 61, 83, 80, 11, 23, 73, 55, 44, 30, 10, 37, 19, 42, 76, 59, 41, 99, 6, 49, 63, 92, 24, 96, 78, 3, 21, 89, 47, 22, 31, 66, 57]
Shuffled list begin: [16, 72, 56, 33, 27, 40, 14, 77, 17, 28, 15, 84, 0, 75, 79, 67, 85, 82, 52, 13, 5, 51, 88, 60, 12, 97, 45, 8, 48, 34, 93, 70, 4, 90, 94, 26, 20, 65, 36, 74, 7, 25, 81, 18, 46, 53, 71, 39, 43, 91, 86, 2, 64, 54, 9, 95, 61, 83, 80, 11, 23, 73, 55, 44, 30, 10, 37, 19, 42, 76, 59, 41, 99, 6, 49, 63, 92, 24, 96, 78, 3, 21, 89, 47, 22, 31, 66, 57]
Shuffled list begin: [16, 72, 56, 33, 27, 40, 14, 77, 17, 28, 15, 84, 0, 75, 79, 67, 85, 82, 52, 13, 5, 51, 88, 60, 12, 97, 45, 8, 48, 34, 93, 70, 4, 90, 94, 26, 20, 65, 36, 74, 7, 25, 81, 18, 46, 53, 71, 39, 43, 91, 86, 2, 64, 54, 9, 95, 61, 83, 80, 11, 23, 73, 55, 44, 30, 10, 37, 19, 42, 76, 59, 41, 99, 6, 49, 63, 92, 24, 96, 78, 3, 21, 89, 47, 22, 31, 66, 57]
Shuffled list begin: [16, 72, 56, 33, 27, 40, 14, 77, 17, 28, 15, 84, 0, 75, 79, 67, 85, 82, 52, 13, 5, 51, 88, 60, 12, 97, 45, 8, 48, 34, 93, 70, 4, 90, 94, 26, 20, 65, 36, 74, 7, 25, 81, 18, 46, 53, 71, 39, 43, 91, 86, 2, 64, 54, 9, 95, 61, 83, 80, 11, 23, 73, 55, 44, 30, 10, 37, 19, 42, 76, 59, 41, 99, 6, 49, 63, 92, 24, 96, 78, 3, 21, 89, 47, 22, 31, 66, 57]
Shuffled list begin: [16, 72, 56, 33, 27, 40, 14, 77, 17, 28, 15, 84, 0, 75, 79, 67, 85, 82, 52, 13, 5, 51, 88, 60, 12, 97, 45, 8, 48, 34, 93, 70, 4, 90, 94, 26, 20, 65, 36, 74, 7, 25, 81, 18, 46, 53, 71, 39, 43, 91, 86, 2, 64, 54, 9, 95, 61, 83, 80, 11, 23, 73, 55, 44, 30, 10, 37, 19, 42, 76, 59, 41, 99, 6, 49, 63, 92, 24, 96, 78, 3, 21, 89, 47, 22, 31, 66, 57]
Shuffled list begin: [16, 72, 56, 33, 27, 40, 14, 77, 17, 28, 15, 84, 0, 75, 79, 67, 85, 82, 52, 13, 5, 51, 88, 60, 12, 97, 45, 8, 48, 34, 93, 70, 4, 90, 94, 26, 20, 65, 36, 74, 7, 25, 81, 18, 46, 53, 71, 39, 43, 91, 86, 2, 64, 54, 9, 95, 61, 83, 80, 11, 23, 73, 55, 44, 30, 10, 37, 19, 42, 76, 59, 41, 99, 6, 49, 63, 92, 24, 96, 78, 3, 21, 89, 47, 22, 31, 66, 57]
Shuffled list begin: [16, 72, 56, 33, 27, 40, 14, 77, 17, 28, 15, 84, 0, 75, 79, 67, 85, 82, 52, 13, 5, 51, 88, 60, 12, 97, 45, 8, 48, 34, 93, 70, 4, 90, 94, 26, 20, 65, 36, 74, 7, 25, 81, 18, 46, 53, 71, 39, 43, 91, 86, 2, 64, 54, 9, 95, 61, 83, 80, 11, 23, 73, 55, 44, 30, 10, 37, 19, 42, 76, 59, 41, 99, 6, 49, 63, 92, 24, 96, 78, 3, 21, 89, 47, 22, 31, 66, 57]
Shuffled list begin: [16, 72, 56, 33, 27, 40, 14, 77, 17, 28, 15, 84, 0, 75, 79, 67, 85, 82, 52, 13, 5, 51, 88, 60, 12, 97, 45, 8, 48, 34, 93, 70, 4, 90, 94, 26, 20, 65, 36, 74, 7, 25, 81, 18, 46, 53, 71, 39, 43, 91, 86, 2, 64, 54, 9, 95, 61, 83, 80, 11, 23, 73, 55, 44, 30, 10, 37, 19, 42, 76, 59, 41, 99, 6, 49, 63, 92, 24, 96, 78, 3, 21, 89, 47, 22, 31, 66, 57]
Shuffled list begin: [16, 72, 56, 33, 27, 40, 14, 77, 17, 28, 15, 84, 0, 75, 79, 67, 85, 82, 52, 13, 5, 51, 88, 60, 12, 97, 45, 8, 48, 34, 93, 70, 4, 90, 94, 26, 20, 65, 36, 74, 7, 25, 81, 18, 46, 53, 71, 39, 43, 91, 86, 2, 64, 54, 9, 95, 61, 83, 80, 11, 23, 73, 55, 44, 30, 10, 37, 19, 42, 76, 59, 41, 99, 6, 49, 63, 92, 24, 96, 78, 3, 21, 89, 47, 22, 31, 66, 57]
Shuffled list begin: [16, 72, 56, 33, 27, 40, 14, 77, 17, 28, 15, 84, 0, 75, 79, 67, 85, 82, 52, 13, 5, 51, 88, 60, 12, 97, 45, 8, 48, 34, 93, 70, 4, 90, 94, 26, 20, 65, 36, 74, 7, 25, 81, 18, 46, 53, 71, 39, 43, 91, 86, 2, 64, 54, 9, 95, 61, 83, 80, 11, 23, 73, 55, 44, 30, 10, 37, 19, 42, 76, 59, 41, 99, 6, 49, 63, 92, 24, 96, 78, 3, 21, 89, 47, 22, 31, 66, 57]
Shuffled list begin: [16, 72, 56, 33, 27, 40, 14, 77, 17, 28, 15, 84, 0, 75, 79, 67, 85, 82, 52, 13, 5, 51, 88, 60, 12, 97, 45, 8, 48, 34, 93, 70, 4, 90, 94, 26, 20, 65, 36, 74, 7, 25, 81, 18, 46, 53, 71, 39, 43, 91, 86, 2, 64, 54, 9, 95, 61, 83, 80, 11, 23, 73, 55, 44, 30, 10, 37, 19, 42, 76, 59, 41, 99, 6, 49, 63, 92, 24, 96, 78, 3, 21, 89, 47, 22, 31, 66, 57]
Shuffled list begin: [16, 72, 56, 33, 27, 40, 14, 77, 17, 28, 15, 84, 0, 75, 79, 67, 85, 82, 52, 13, 5, 51, 88, 60, 12, 97, 45, 8, 48, 34, 93, 70, 4, 90, 94, 26, 20, 65, 36, 74, 7, 25, 81, 18, 46, 53, 71, 39, 43, 91, 86, 2, 64, 54, 9, 95, 61, 83, 80, 11, 23, 73, 55, 44, 30, 10, 37, 19, 42, 76, 59, 41, 99, 6, 49, 63, 92, 24, 96, 78, 3, 21, 89, 47, 22, 31, 66, 57]
Shuffled list begin: [16, 72, 56, 33, 27, 40, 14, 77, 17, 28, 15, 84, 0, 75, 79, 67, 85, 82, 52, 13, 5, 51, 88, 60, 12, 97, 45, 8, 48, 34, 93, 70, 4, 90, 94, 26, 20, 65, 36, 74, 7, 25, 81, 18, 46, 53, 71, 39, 43, 91, 86, 2, 64, 54, 9, 95, 61, 83, 80, 11, 23, 73, 55, 44, 30, 10, 37, 19, 42, 76, 59, 41, 99, 6, 49, 63, 92, 24, 96, 78, 3, 21, 89, 47, 22, 31, 66, 57]
Shuffled list begin: [16, 72, 56, 33, 27, 40, 14, 77, 17, 28, 15, 84, 0, 75, 79, 67, 85, 82, 52, 13, 5, 51, 88, 60, 12, 97, 45, 8, 48, 34, 93, 70, 4, 90, 94, 26, 20, 65, 36, 74, 7, 25, 81, 18, 46, 53, 71, 39, 43, 91, 86, 2, 64, 54, 9, 95, 61, 83, 80, 11, 23, 73, 55, 44, 30, 10, 37, 19, 42, 76, 59, 41, 99, 6, 49, 63, 92, 24, 96, 78, 3, 21, 89, 47, 22, 31, 66, 57]
Shuffled list begin: [16, 72, 56, 33, 27, 40, 14, 77, 17, 28, 15, 84, 0, 75, 79, 67, 85, 82, 52, 13, 5, 51, 88, 60, 12, 97, 45, 8, 48, 34, 93, 70, 4, 90, 94, 26, 20, 65, 36, 74, 7, 25, 81, 18, 46, 53, 71, 39, 43, 91, 86, 2, 64, 54, 9, 95, 61, 83, 80, 11, 23, 73, 55, 44, 30, 10, 37, 19, 42, 76, 59, 41, 99, 6, 49, 63, 92, 24, 96, 78, 3, 21, 89, 47, 22, 31, 66, 57]
Shuffled list begin: [16, 72, 56, 33, 27, 40, 14, 77, 17, 28, 15, 84, 0, 75, 79, 67, 85, 82, 52, 13, 5, 51, 88, 60, 12, 97, 45, 8, 48, 34, 93, 70, 4, 90, 94, 26, 20, 65, 36, 74, 7, 25, 81, 18, 46, 53, 71, 39, 43, 91, 86, 2, 64, 54, 9, 95, 61, 83, 80, 11, 23, 73, 55, 44, 30, 10, 37, 19, 42, 76, 59, 41, 99, 6, 49, 63, 92, 24, 96, 78, 3, 21, 89, 47, 22, 31, 66, 57]
Shuffled list begin: [16, 72, 56, 33, 27, 40, 14, 77, 17, 28, 15, 84, 0, 75, 79, 67, 85, 82, 52, 13, 5, 51, 88, 60, 12, 97, 45, 8, 48, 34, 93, 70, 4, 90, 94, 26, 20, 65, 36, 74, 7, 25, 81, 18, 46, 53, 71, 39, 43, 91, 86, 2, 64, 54, 9, 95, 61, 83, 80, 11, 23, 73, 55, 44, 30, 10, 37, 19, 42, 76, 59, 41, 99, 6, 49, 63, 92, 24, 96, 78, 3, 21, 89, 47, 22, 31, 66, 57]
Shuffled list begin: [16, 72, 56, 33, 27, 40, 14, 77, 17, 28, 15, 84, 0, 75, 79, 67, 85, 82, 52, 13, 5, 51, 88, 60, 12, 97, 45, 8, 48, 34, 93, 70, 4, 90, 94, 26, 20, 65, 36, 74, 7, 25, 81, 18, 46, 53, 71, 39, 43, 91, 86, 2, 64, 54, 9, 95, 61, 83, 80, 11, 23, 73, 55, 44, 30, 10, 37, 19, 42, 76, 59, 41, 99, 6, 49, 63, 92, 24, 96, 78, 3, 21, 89, 47, 22, 31, 66, 57]
Shuffled list begin: [16, 72, 56, 33, 27, 40, 14, 77, 17, 28, 15, 84, 0, 75, 79, 67, 85, 82, 52, 13, 5, 51, 88, 60, 12, 97, 45, 8, 48, 34, 93, 70, 4, 90, 94, 26, 20, 65, 36, 74, 7, 25, 81, 18, 46, 53, 71, 39, 43, 91, 86, 2, 64, 54, 9, 95, 61, 83, 80, 11, 23, 73, 55, 44, 30, 10, 37, 19, 42, 76, 59, 41, 99, 6, 49, 63, 92, 24, 96, 78, 3, 21, 89, 47, 22, 31, 66, 57]
Shuffled list begin: [16, 72, 56, 33, 27, 40, 14, 77, 17, 28, 15, 84, 0, 75, 79, 67, 85, 82, 52, 13, 5, 51, 88, 60, 12, 97, 45, 8, 48, 34, 93, 70, 4, 90, 94, 26, 20, 65, 36, 74, 7, 25, 81, 18, 46, 53, 71, 39, 43, 91, 86, 2, 64, 54, 9, 95, 61, 83, 80, 11, 23, 73, 55, 44, 30, 10, 37, 19, 42, 76, 59, 41, 99, 6, 49, 63, 92, 24, 96, 78, 3, 21, 89, 47, 22, 31, 66, 57]
Shuffled list begin: [16, 72, 56, 33, 27, 40, 14, 77, 17, 28, 15, 84, 0, 75, 79, 67, 85, 82, 52, 13, 5, 51, 88, 60, 12, 97, 45, 8, 48, 34, 93, 70, 4, 90, 94, 26, 20, 65, 36, 74, 7, 25, 81, 18, 46, 53, 71, 39, 43, 91, 86, 2, 64, 54, 9, 95, 61, 83, 80, 11, 23, 73, 55, 44, 30, 10, 37, 19, 42, 76, 59, 41, 99, 6, 49, 63, 92, 24, 96, 78, 3, 21, 89, 47, 22, 31, 66, 57]
Shuffled list begin: [16, 72, 56, 33, 27, 40, 14, 77, 17, 28, 15, 84, 0, 75, 79, 67, 85, 82, 52, 13, 5, 51, 88, 60, 12, 97, 45, 8, 48, 34, 93, 70, 4, 90, 94, 26, 20, 65, 36, 74, 7, 25, 81, 18, 46, 53, 71, 39, 43, 91, 86, 2, 64, 54, 9, 95, 61, 83, 80, 11, 23, 73, 55, 44, 30, 10, 37, 19, 42, 76, 59, 41, 99, 6, 49, 63, 92, 24, 96, 78, 3, 21, 89, 47, 22, 31, 66, 57]
Shuffled list begin: [16, 72, 56, 33, 27, 40, 14, 77, 17, 28, 15, 84, 0, 75, 79, 67, 85, 82, 52, 13, 5, 51, 88, 60, 12, 97, 45, 8, 48, 34, 93, 70, 4, 90, 94, 26, 20, 65, 36, 74, 7, 25, 81, 18, 46, 53, 71, 39, 43, 91, 86, 2, 64, 54, 9, 95, 61, 83, 80, 11, 23, 73, 55, 44, 30, 10, 37, 19, 42, 76, 59, 41, 99, 6, 49, 63, 92, 24, 96, 78, 3, 21, 89, 47, 22, 31, 66, 57]
Shuffled list begin: [16, 72, 56, 33, 27, 40, 14, 77, 17, 28, 15, 84, 0, 75, 79, 67, 85, 82, 52, 13, 5, 51, 88, 60, 12, 97, 45, 8, 48, 34, 93, 70, 4, 90, 94, 26, 20, 65, 36, 74, 7, 25, 81, 18, 46, 53, 71, 39, 43, 91, 86, 2, 64, 54, 9, 95, 61, 83, 80, 11, 23, 73, 55, 44, 30, 10, 37, 19, 42, 76, 59, 41, 99, 6, 49, 63, 92, 24, 96, 78, 3, 21, 89, 47, 22, 31, 66, 57]
Shuffled list begin: [16, 72, 56, 33, 27, 40, 14, 77, 17, 28, 15, 84, 0, 75, 79, 67, 85, 82, 52, 13, 5, 51, 88, 60, 12, 97, 45, 8, 48, 34, 93, 70, 4, 90, 94, 26, 20, 65, 36, 74, 7, 25, 81, 18, 46, 53, 71, 39, 43, 91, 86, 2, 64, 54, 9, 95, 61, 83, 80, 11, 23, 73, 55, 44, 30, 10, 37, 19, 42, 76, 59, 41, 99, 6, 49, 63, 92, 24, 96, 78, 3, 21, 89, 47, 22, 31, 66, 57]
Shuffled list begin: [16, 72, 56, 33, 27, 40, 14, 77, 17, 28, 15, 84, 0, 75, 79, 67, 85, 82, 52, 13, 5, 51, 88, 60, 12, 97, 45, 8, 48, 34, 93, 70, 4, 90, 94, 26, 20, 65, 36, 74, 7, 25, 81, 18, 46, 53, 71, 39, 43, 91, 86, 2, 64, 54, 9, 95, 61, 83, 80, 11, 23, 73, 55, 44, 30, 10, 37, 19, 42, 76, 59, 41, 99, 6, 49, 63, 92, 24, 96, 78, 3, 21, 89, 47, 22, 31, 66, 57]
Shuffled list begin: [16, 72, 56, 33, 27, 40, 14, 77, 17, 28, 15, 84, 0, 75, 79, 67, 85, 82, 52, 13, 5, 51, 88, 60, 12, 97, 45, 8, 48, 34, 93, 70, 4, 90, 94, 26, 20, 65, 36, 74, 7, 25, 81, 18, 46, 53, 71, 39, 43, 91, 86, 2, 64, 54, 9, 95, 61, 83, 80, 11, 23, 73, 55, 44, 30, 10, 37, 19, 42, 76, 59, 41, 99, 6, 49, 63, 92, 24, 96, 78, 3, 21, 89, 47, 22, 31, 66, 57]
Shuffled list begin: [16, 72, 56, 33, 27, 40, 14, 77, 17, 28, 15, 84, 0, 75, 79, 67, 85, 82, 52, 13, 5, 51, 88, 60, 12, 97, 45, 8, 48, 34, 93, 70, 4, 90, 94, 26, 20, 65, 36, 74, 7, 25, 81, 18, 46, 53, 71, 39, 43, 91, 86, 2, 64, 54, 9, 95, 61, 83, 80, 11, 23, 73, 55, 44, 30, 10, 37, 19, 42, 76, 59, 41, 99, 6, 49, 63, 92, 24, 96, 78, 3, 21, 89, 47, 22, 31, 66, 57]
Shuffled list begin: [16, 72, 56, 33, 27, 40, 14, 77, 17, 28, 15, 84, 0, 75, 79, 67, 85, 82, 52, 13, 5, 51, 88, 60, 12, 97, 45, 8, 48, 34, 93, 70, 4, 90, 94, 26, 20, 65, 36, 74, 7, 25, 81, 18, 46, 53, 71, 39, 43, 91, 86, 2, 64, 54, 9, 95, 61, 83, 80, 11, 23, 73, 55, 44, 30, 10, 37, 19, 42, 76, 59, 41, 99, 6, 49, 63, 92, 24, 96, 78, 3, 21, 89, 47, 22, 31, 66, 57]
Shuffled list begin: [16, 72, 56, 33, 27, 40, 14, 77, 17, 28, 15, 84, 0, 75, 79, 67, 85, 82, 52, 13, 5, 51, 88, 60, 12, 97, 45, 8, 48, 34, 93, 70, 4, 90, 94, 26, 20, 65, 36, 74, 7, 25, 81, 18, 46, 53, 71, 39, 43, 91, 86, 2, 64, 54, 9, 95, 61, 83, 80, 11, 23, 73, 55, 44, 30, 10, 37, 19, 42, 76, 59, 41, 99, 6, 49, 63, 92, 24, 96, 78, 3, 21, 89, 47, 22, 31, 66, 57]
Shuffled list begin: [16, 72, 56, 33, 27, 40, 14, 77, 17, 28, 15, 84, 0, 75, 79, 67, 85, 82, 52, 13, 5, 51, 88, 60, 12, 97, 45, 8, 48, 34, 93, 70, 4, 90, 94, 26, 20, 65, 36, 74, 7, 25, 81, 18, 46, 53, 71, 39, 43, 91, 86, 2, 64, 54, 9, 95, 61, 83, 80, 11, 23, 73, 55, 44, 30, 10, 37, 19, 42, 76, 59, 41, 99, 6, 49, 63, 92, 24, 96, 78, 3, 21, 89, 47, 22, 31, 66, 57]
Shuffled list begin: [16, 72, 56, 33, 27, 40, 14, 77, 17, 28, 15, 84, 0, 75, 79, 67, 85, 82, 52, 13, 5, 51, 88, 60, 12, 97, 45, 8, 48, 34, 93, 70, 4, 90, 94, 26, 20, 65, 36, 74, 7, 25, 81, 18, 46, 53, 71, 39, 43, 91, 86, 2, 64, 54, 9, 95, 61, 83, 80, 11, 23, 73, 55, 44, 30, 10, 37, 19, 42, 76, 59, 41, 99, 6, 49, 63, 92, 24, 96, 78, 3, 21, 89, 47, 22, 31, 66, 57]
Shuffled list begin: [16, 72, 56, 33, 27, 40, 14, 77, 17, 28, 15, 84, 0, 75, 79, 67, 85, 82, 52, 13, 5, 51, 88, 60, 12, 97, 45, 8, 48, 34, 93, 70, 4, 90, 94, 26, 20, 65, 36, 74, 7, 25, 81, 18, 46, 53, 71, 39, 43, 91, 86, 2, 64, 54, 9, 95, 61, 83, 80, 11, 23, 73, 55, 44, 30, 10, 37, 19, 42, 76, 59, 41, 99, 6, 49, 63, 92, 24, 96, 78, 3, 21, 89, 47, 22, 31, 66, 57]
Shuffled list begin: [16, 72, 56, 33, 27, 40, 14, 77, 17, 28, 15, 84, 0, 75, 79, 67, 85, 82, 52, 13, 5, 51, 88, 60, 12, 97, 45, 8, 48, 34, 93, 70, 4, 90, 94, 26, 20, 65, 36, 74, 7, 25, 81, 18, 46, 53, 71, 39, 43, 91, 86, 2, 64, 54, 9, 95, 61, 83, 80, 11, 23, 73, 55, 44, 30, 10, 37, 19, 42, 76, 59, 41, 99, 6, 49, 63, 92, 24, 96, 78, 3, 21, 89, 47, 22, 31, 66, 57]
Shuffled list begin: [16, 72, 56, 33, 27, 40, 14, 77, 17, 28, 15, 84, 0, 75, 79, 67, 85, 82, 52, 13, 5, 51, 88, 60, 12, 97, 45, 8, 48, 34, 93, 70, 4, 90, 94, 26, 20, 65, 36, 74, 7, 25, 81, 18, 46, 53, 71, 39, 43, 91, 86, 2, 64, 54, 9, 95, 61, 83, 80, 11, 23, 73, 55, 44, 30, 10, 37, 19, 42, 76, 59, 41, 99, 6, 49, 63, 92, 24, 96, 78, 3, 21, 89, 47, 22, 31, 66, 57]
Shuffled list begin: [16, 72, 56, 33, 27, 40, 14, 77, 17, 28, 15, 84, 0, 75, 79, 67, 85, 82, 52, 13, 5, 51, 88, 60, 12, 97, 45, 8, 48, 34, 93, 70, 4, 90, 94, 26, 20, 65, 36, 74, 7, 25, 81, 18, 46, 53, 71, 39, 43, 91, 86, 2, 64, 54, 9, 95, 61, 83, 80, 11, 23, 73, 55, 44, 30, 10, 37, 19, 42, 76, 59, 41, 99, 6, 49, 63, 92, 24, 96, 78, 3, 21, 89, 47, 22, 31, 66, 57]
Shuffled list begin: [16, 72, 56, 33, 27, 40, 14, 77, 17, 28, 15, 84, 0, 75, 79, 67, 85, 82, 52, 13, 5, 51, 88, 60, 12, 97, 45, 8, 48, 34, 93, 70, 4, 90, 94, 26, 20, 65, 36, 74, 7, 25, 81, 18, 46, 53, 71, 39, 43, 91, 86, 2, 64, 54, 9, 95, 61, 83, 80, 11, 23, 73, 55, 44, 30, 10, 37, 19, 42, 76, 59, 41, 99, 6, 49, 63, 92, 24, 96, 78, 3, 21, 89, 47, 22, 31, 66, 57]
Shuffled list begin: [16, 72, 56, 33, 27, 40, 14, 77, 17, 28, 15, 84, 0, 75, 79, 67, 85, 82, 52, 13, 5, 51, 88, 60, 12, 97, 45, 8, 48, 34, 93, 70, 4, 90, 94, 26, 20, 65, 36, 74, 7, 25, 81, 18, 46, 53, 71, 39, 43, 91, 86, 2, 64, 54, 9, 95, 61, 83, 80, 11, 23, 73, 55, 44, 30, 10, 37, 19, 42, 76, 59, 41, 99, 6, 49, 63, 92, 24, 96, 78, 3, 21, 89, 47, 22, 31, 66, 57]
Shuffled list begin: [16, 72, 56, 33, 27, 40, 14, 77, 17, 28, 15, 84, 0, 75, 79, 67, 85, 82, 52, 13, 5, 51, 88, 60, 12, 97, 45, 8, 48, 34, 93, 70, 4, 90, 94, 26, 20, 65, 36, 74, 7, 25, 81, 18, 46, 53, 71, 39, 43, 91, 86, 2, 64, 54, 9, 95, 61, 83, 80, 11, 23, 73, 55, 44, 30, 10, 37, 19, 42, 76, 59, 41, 99, 6, 49, 63, 92, 24, 96, 78, 3, 21, 89, 47, 22, 31, 66, 57]
Shuffled list begin: [16, 72, 56, 33, 27, 40, 14, 77, 17, 28, 15, 84, 0, 75, 79, 67, 85, 82, 52, 13, 5, 51, 88, 60, 12, 97, 45, 8, 48, 34, 93, 70, 4, 90, 94, 26, 20, 65, 36, 74, 7, 25, 81, 18, 46, 53, 71, 39, 43, 91, 86, 2, 64, 54, 9, 95, 61, 83, 80, 11, 23, 73, 55, 44, 30, 10, 37, 19, 42, 76, 59, 41, 99, 6, 49, 63, 92, 24, 96, 78, 3, 21, 89, 47, 22, 31, 66, 57]
Shuffled list begin: [16, 72, 56, 33, 27, 40, 14, 77, 17, 28, 15, 84, 0, 75, 79, 67, 85, 82, 52, 13, 5, 51, 88, 60, 12, 97, 45, 8, 48, 34, 93, 70, 4, 90, 94, 26, 20, 65, 36, 74, 7, 25, 81, 18, 46, 53, 71, 39, 43, 91, 86, 2, 64, 54, 9, 95, 61, 83, 80, 11, 23, 73, 55, 44, 30, 10, 37, 19, 42, 76, 59, 41, 99, 6, 49, 63, 92, 24, 96, 78, 3, 21, 89, 47, 22, 31, 66, 57]
Shuffled list begin: [16, 72, 56, 33, 27, 40, 14, 77, 17, 28, 15, 84, 0, 75, 79, 67, 85, 82, 52, 13, 5, 51, 88, 60, 12, 97, 45, 8, 48, 34, 93, 70, 4, 90, 94, 26, 20, 65, 36, 74, 7, 25, 81, 18, 46, 53, 71, 39, 43, 91, 86, 2, 64, 54, 9, 95, 61, 83, 80, 11, 23, 73, 55, 44, 30, 10, 37, 19, 42, 76, 59, 41, 99, 6, 49, 63, 92, 24, 96, 78, 3, 21, 89, 47, 22, 31, 66, 57]
Shuffled list begin: [16, 72, 56, 33, 27, 40, 14, 77, 17, 28, 15, 84, 0, 75, 79, 67, 85, 82, 52, 13, 5, 51, 88, 60, 12, 97, 45, 8, 48, 34, 93, 70, 4, 90, 94, 26, 20, 65, 36, 74, 7, 25, 81, 18, 46, 53, 71, 39, 43, 91, 86, 2, 64, 54, 9, 95, 61, 83, 80, 11, 23, 73, 55, 44, 30, 10, 37, 19, 42, 76, 59, 41, 99, 6, 49, 63, 92, 24, 96, 78, 3, 21, 89, 47, 22, 31, 66, 57]
Shuffled list begin: [16, 72, 56, 33, 27, 40, 14, 77, 17, 28, 15, 84, 0, 75, 79, 67, 85, 82, 52, 13, 5, 51, 88, 60, 12, 97, 45, 8, 48, 34, 93, 70, 4, 90, 94, 26, 20, 65, 36, 74, 7, 25, 81, 18, 46, 53, 71, 39, 43, 91, 86, 2, 64, 54, 9, 95, 61, 83, 80, 11, 23, 73, 55, 44, 30, 10, 37, 19, 42, 76, 59, 41, 99, 6, 49, 63, 92, 24, 96, 78, 3, 21, 89, 47, 22, 31, 66, 57]
Shuffled list begin: [16, 72, 56, 33, 27, 40, 14, 77, 17, 28, 15, 84, 0, 75, 79, 67, 85, 82, 52, 13, 5, 51, 88, 60, 12, 97, 45, 8, 48, 34, 93, 70, 4, 90, 94, 26, 20, 65, 36, 74, 7, 25, 81, 18, 46, 53, 71, 39, 43, 91, 86, 2, 64, 54, 9, 95, 61, 83, 80, 11, 23, 73, 55, 44, 30, 10, 37, 19, 42, 76, 59, 41, 99, 6, 49, 63, 92, 24, 96, 78, 3, 21, 89, 47, 22, 31, 66, 57]
Shuffled list begin: [16, 72, 56, 33, 27, 40, 14, 77, 17, 28, 15, 84, 0, 75, 79, 67, 85, 82, 52, 13, 5, 51, 88, 60, 12, 97, 45, 8, 48, 34, 93, 70, 4, 90, 94, 26, 20, 65, 36, 74, 7, 25, 81, 18, 46, 53, 71, 39, 43, 91, 86, 2, 64, 54, 9, 95, 61, 83, 80, 11, 23, 73, 55, 44, 30, 10, 37, 19, 42, 76, 59, 41, 99, 6, 49, 63, 92, 24, 96, 78, 3, 21, 89, 47, 22, 31, 66, 57]
Shuffled list begin: [16, 72, 56, 33, 27, 40, 14, 77, 17, 28, 15, 84, 0, 75, 79, 67, 85, 82, 52, 13, 5, 51, 88, 60, 12, 97, 45, 8, 48, 34, 93, 70, 4, 90, 94, 26, 20, 65, 36, 74, 7, 25, 81, 18, 46, 53, 71, 39, 43, 91, 86, 2, 64, 54, 9, 95, 61, 83, 80, 11, 23, 73, 55, 44, 30, 10, 37, 19, 42, 76, 59, 41, 99, 6, 49, 63, 92, 24, 96, 78, 3, 21, 89, 47, 22, 31, 66, 57]
Shuffled list begin: [16, 72, 56, 33, 27, 40, 14, 77, 17, 28, 15, 84, 0, 75, 79, 67, 85, 82, 52, 13, 5, 51, 88, 60, 12, 97, 45, 8, 48, 34, 93, 70, 4, 90, 94, 26, 20, 65, 36, 74, 7, 25, 81, 18, 46, 53, 71, 39, 43, 91, 86, 2, 64, 54, 9, 95, 61, 83, 80, 11, 23, 73, 55, 44, 30, 10, 37, 19, 42, 76, 59, 41, 99, 6, 49, 63, 92, 24, 96, 78, 3, 21, 89, 47, 22, 31, 66, 57]
Shuffled list begin: [16, 72, 56, 33, 27, 40, 14, 77, 17, 28, 15, 84, 0, 75, 79, 67, 85, 82, 52, 13, 5, 51, 88, 60, 12, 97, 45, 8, 48, 34, 93, 70, 4, 90, 94, 26, 20, 65, 36, 74, 7, 25, 81, 18, 46, 53, 71, 39, 43, 91, 86, 2, 64, 54, 9, 95, 61, 83, 80, 11, 23, 73, 55, 44, 30, 10, 37, 19, 42, 76, 59, 41, 99, 6, 49, 63, 92, 24, 96, 78, 3, 21, 89, 47, 22, 31, 66, 57]
Shuffled list begin: [16, 72, 56, 33, 27, 40, 14, 77, 17, 28, 15, 84, 0, 75, 79, 67, 85, 82, 52, 13, 5, 51, 88, 60, 12, 97, 45, 8, 48, 34, 93, 70, 4, 90, 94, 26, 20, 65, 36, 74, 7, 25, 81, 18, 46, 53, 71, 39, 43, 91, 86, 2, 64, 54, 9, 95, 61, 83, 80, 11, 23, 73, 55, 44, 30, 10, 37, 19, 42, 76, 59, 41, 99, 6, 49, 63, 92, 24, 96, 78, 3, 21, 89, 47, 22, 31, 66, 57]
Shuffled list begin: [16, 72, 56, 33, 27, 40, 14, 77, 17, 28, 15, 84, 0, 75, 79, 67, 85, 82, 52, 13, 5, 51, 88, 60, 12, 97, 45, 8, 48, 34, 93, 70, 4, 90, 94, 26, 20, 65, 36, 74, 7, 25, 81, 18, 46, 53, 71, 39, 43, 91, 86, 2, 64, 54, 9, 95, 61, 83, 80, 11, 23, 73, 55, 44, 30, 10, 37, 19, 42, 76, 59, 41, 99, 6, 49, 63, 92, 24, 96, 78, 3, 21, 89, 47, 22, 31, 66, 57]
Shuffled list begin: [16, 72, 56, 33, 27, 40, 14, 77, 17, 28, 15, 84, 0, 75, 79, 67, 85, 82, 52, 13, 5, 51, 88, 60, 12, 97, 45, 8, 48, 34, 93, 70, 4, 90, 94, 26, 20, 65, 36, 74, 7, 25, 81, 18, 46, 53, 71, 39, 43, 91, 86, 2, 64, 54, 9, 95, 61, 83, 80, 11, 23, 73, 55, 44, 30, 10, 37, 19, 42, 76, 59, 41, 99, 6, 49, 63, 92, 24, 96, 78, 3, 21, 89, 47, 22, 31, 66, 57]
Shuffled list begin: [16, 72, 56, 33, 27, 40, 14, 77, 17, 28, 15, 84, 0, 75, 79, 67, 85, 82, 52, 13, 5, 51, 88, 60, 12, 97, 45, 8, 48, 34, 93, 70, 4, 90, 94, 26, 20, 65, 36, 74, 7, 25, 81, 18, 46, 53, 71, 39, 43, 91, 86, 2, 64, 54, 9, 95, 61, 83, 80, 11, 23, 73, 55, 44, 30, 10, 37, 19, 42, 76, 59, 41, 99, 6, 49, 63, 92, 24, 96, 78, 3, 21, 89, 47, 22, 31, 66, 57]
Shuffled list begin: [16, 72, 56, 33, 27, 40, 14, 77, 17, 28, 15, 84, 0, 75, 79, 67, 85, 82, 52, 13, 5, 51, 88, 60, 12, 97, 45, 8, 48, 34, 93, 70, 4, 90, 94, 26, 20, 65, 36, 74, 7, 25, 81, 18, 46, 53, 71, 39, 43, 91, 86, 2, 64, 54, 9, 95, 61, 83, 80, 11, 23, 73, 55, 44, 30, 10, 37, 19, 42, 76, 59, 41, 99, 6, 49, 63, 92, 24, 96, 78, 3, 21, 89, 47, 22, 31, 66, 57]
Shuffled list begin: [16, 72, 56, 33, 27, 40, 14, 77, 17, 28, 15, 84, 0, 75, 79, 67, 85, 82, 52, 13, 5, 51, 88, 60, 12, 97, 45, 8, 48, 34, 93, 70, 4, 90, 94, 26, 20, 65, 36, 74, 7, 25, 81, 18, 46, 53, 71, 39, 43, 91, 86, 2, 64, 54, 9, 95, 61, 83, 80, 11, 23, 73, 55, 44, 30, 10, 37, 19, 42, 76, 59, 41, 99, 6, 49, 63, 92, 24, 96, 78, 3, 21, 89, 47, 22, 31, 66, 57]
Shuffled list begin: [16, 72, 56, 33, 27, 40, 14, 77, 17, 28, 15, 84, 0, 75, 79, 67, 85, 82, 52, 13, 5, 51, 88, 60, 12, 97, 45, 8, 48, 34, 93, 70, 4, 90, 94, 26, 20, 65, 36, 74, 7, 25, 81, 18, 46, 53, 71, 39, 43, 91, 86, 2, 64, 54, 9, 95, 61, 83, 80, 11, 23, 73, 55, 44, 30, 10, 37, 19, 42, 76, 59, 41, 99, 6, 49, 63, 92, 24, 96, 78, 3, 21, 89, 47, 22, 31, 66, 57]
Shuffled list begin: [16, 72, 56, 33, 27, 40, 14, 77, 17, 28, 15, 84, 0, 75, 79, 67, 85, 82, 52, 13, 5, 51, 88, 60, 12, 97, 45, 8, 48, 34, 93, 70, 4, 90, 94, 26, 20, 65, 36, 74, 7, 25, 81, 18, 46, 53, 71, 39, 43, 91, 86, 2, 64, 54, 9, 95, 61, 83, 80, 11, 23, 73, 55, 44, 30, 10, 37, 19, 42, 76, 59, 41, 99, 6, 49, 63, 92, 24, 96, 78, 3, 21, 89, 47, 22, 31, 66, 57]
Shuffled list begin: [16, 72, 56, 33, 27, 40, 14, 77, 17, 28, 15, 84, 0, 75, 79, 67, 85, 82, 52, 13, 5, 51, 88, 60, 12, 97, 45, 8, 48, 34, 93, 70, 4, 90, 94, 26, 20, 65, 36, 74, 7, 25, 81, 18, 46, 53, 71, 39, 43, 91, 86, 2, 64, 54, 9, 95, 61, 83, 80, 11, 23, 73, 55, 44, 30, 10, 37, 19, 42, 76, 59, 41, 99, 6, 49, 63]
16
195.2
Shuffled list end: [72, 56, 33, 27, 40, 14, 77, 17, 28, 15, 84, 0, 75, 79, 67, 85, 82, 52, 13, 5, 51, 88, 60, 12, 97, 45, 8, 48, 34, 93, 70, 4, 90, 94, 26, 20, 65, 36, 74, 7, 25, 81, 18, 46, 53, 71, 39, 43, 91, 86, 2, 64, 54, 9, 95, 61, 83, 80, 11, 23, 73, 55, 44, 30, 10, 37, 19, 42, 76, 59, 41, 99, 6, 49, 63]
Spaceship: 1
current_weight: 2345.3999999999996
current_volume: 6.941
parcel amount: 25
Shuffled list begin: [72, 56, 33, 27, 40, 14, 77, 17, 28, 15, 84, 0, 75, 79, 67, 85, 82, 52, 13, 5, 51, 88, 60, 12, 97, 45, 8, 48, 34, 93, 70, 4, 90, 94, 26, 20, 65, 36, 74, 7, 25, 81, 18, 46, 53, 71, 39, 43, 91, 86, 2, 64, 54, 9, 95, 61, 83, 80, 11, 23, 73, 55, 44, 30, 10, 37, 19, 42, 76, 59, 41, 99, 6, 49, 63]
Shuffled list begin: [72, 56, 33, 27, 40, 14, 77, 17, 28, 15, 84, 0, 75, 79, 67, 85, 82, 52, 13, 5, 51, 88, 60, 12, 97, 45, 8, 48, 34, 93, 70, 4, 90, 94, 26, 20, 65, 36, 74, 7, 25, 81, 18, 46, 53, 71, 39, 43, 91, 86, 2, 64, 54, 9, 95, 61, 83, 80, 11, 23, 73, 55, 44, 30, 10, 37, 19, 42, 76, 59, 41, 99, 6, 49, 63]
Shuffled list begin: [72, 56, 33, 27, 40, 14, 77, 17, 28, 15, 84, 0, 75, 79, 67, 85, 82, 52, 13, 5, 51, 88, 60, 12, 97, 45, 8, 48, 34, 93, 70, 4, 90, 94, 26, 20, 65, 36, 74, 7, 25, 81, 18, 46, 53, 71, 39, 43, 91, 86, 2, 64, 54, 9, 95, 61, 83, 80, 11, 23, 73, 55, 44, 30, 10, 37, 19, 42, 76, 59, 41, 99, 6, 49, 63]
Shuffled list begin: [72, 56, 33, 27, 40, 14, 77, 17, 28, 15, 84, 0, 75, 79, 67, 85, 82, 52, 13, 5, 51, 88, 60, 12, 97, 45, 8, 48, 34, 93, 70, 4, 90, 94, 26, 20, 65, 36, 74, 7, 25, 81, 18, 46, 53, 71, 39, 43, 91, 86, 2, 64, 54, 9, 95, 61, 83, 80, 11, 23, 73, 55, 44, 30, 10, 37, 19, 42, 76, 59, 41, 99, 6, 49, 63]
Shuffled list begin: [72, 56, 33, 27, 40, 14, 77, 17, 28, 15, 84, 0, 75, 79, 67, 85, 82, 52, 13, 5, 51, 88, 60, 12, 97, 45, 8, 48, 34, 93, 70, 4, 90, 94, 26, 20, 65, 36, 74, 7, 25, 81, 18, 46, 53, 71, 39, 43, 91, 86, 2, 64, 54, 9, 95, 61, 83, 80, 11, 23, 73, 55, 44, 30, 10, 37, 19, 42, 76, 59, 41, 99, 6, 49, 63]
Shuffled list begin: [72, 56, 33, 27, 40, 14, 77, 17, 28, 15, 84, 0, 75, 79, 67, 85, 82, 52, 13, 5, 51, 88, 60, 12, 97, 45, 8, 48, 34, 93, 70, 4, 90, 94, 26, 20, 65, 36, 74, 7, 25, 81, 18, 46, 53, 71, 39, 43, 91, 86, 2, 64, 54, 9, 95, 61, 83, 80, 11, 23, 73, 55, 44, 30, 10, 37, 19, 42, 76, 59, 41, 99, 6, 49, 63]
Shuffled list begin: [72, 56, 33, 27, 40, 14, 77, 17, 28, 15, 84, 0, 75, 79, 67, 85, 82, 52, 13, 5, 51, 88, 60, 12, 97, 45, 8, 48, 34, 93, 70, 4, 90, 94, 26, 20, 65, 36, 74, 7, 25, 81, 18, 46, 53, 71, 39, 43, 91, 86, 2, 64, 54, 9, 95, 61, 83, 80, 11, 23, 73, 55, 44, 30, 10, 37, 19, 42, 76, 59, 41, 99, 6, 49, 63]
Shuffled list begin: [72, 56, 33, 27, 40, 14, 77, 17, 28, 15, 84, 0, 75, 79, 67, 85, 82, 52, 13, 5, 51, 88, 60, 12, 97, 45, 8, 48, 34, 93, 70, 4, 90, 94, 26, 20, 65, 36, 74, 7, 25, 81, 18, 46, 53, 71, 39, 43, 91, 86, 2, 64, 54, 9, 95, 61, 83, 80, 11, 23, 73, 55, 44, 30, 10, 37, 19, 42, 76, 59, 41, 99, 6, 49, 63]
Shuffled list begin: [72, 56, 33, 27, 40, 14, 77, 17, 28, 15, 84, 0, 75, 79, 67, 85, 82, 52, 13, 5, 51, 88, 60, 12, 97, 45, 8, 48, 34, 93, 70, 4, 90, 94, 26, 20, 65, 36, 74, 7, 25, 81, 18, 46, 53, 71, 39, 43, 91, 86, 2, 64, 54, 9, 95, 61, 83, 80, 11, 23, 73, 55, 44, 30, 10, 37, 19, 42, 76, 59, 41, 99, 6, 49, 63]
Shuffled list begin: [72, 56, 33, 27, 40, 14, 77, 17, 28, 15, 84, 0, 75, 79, 67, 85, 82, 52, 13, 5, 51, 88, 60, 12, 97, 45, 8, 48, 34, 93, 70, 4, 90, 94, 26, 20, 65, 36, 74, 7, 25, 81, 18, 46, 53, 71, 39, 43, 91, 86, 2, 64, 54, 9, 95, 61, 83, 80, 11, 23, 73, 55, 44, 30, 10, 37, 19, 42, 76, 59, 41, 99, 6, 49, 63]
Shuffled list begin: [72, 56, 33, 27, 40, 14, 77, 17, 28, 15, 84, 0, 75, 79, 67, 85, 82, 52, 13, 5, 51, 88, 60, 12, 97, 45, 8, 48, 34, 93, 70, 4, 90, 94, 26, 20, 65, 36, 74, 7, 25, 81, 18, 46, 53, 71, 39, 43, 91, 86, 2, 64, 54, 9, 95, 61, 83, 80, 11, 23, 73, 55, 44, 30, 10, 37, 19, 42, 76, 59, 41, 99, 6, 49, 63]
Shuffled list begin: [72, 56, 33, 27, 40, 14, 77, 17, 28, 15, 84, 0, 75, 79, 67, 85, 82, 52, 13, 5, 51, 88, 60, 12, 97, 45, 8, 48, 34, 93, 70, 4, 90, 94, 26, 20, 65, 36, 74, 7, 25, 81, 18, 46, 53, 71, 39, 43, 91, 86, 2, 64, 54, 9, 95, 61, 83, 80, 11, 23, 73, 55, 44, 30, 10, 37, 19, 42, 76, 59, 41, 99, 6, 49, 63]
Shuffled list begin: [72, 56, 33, 27, 40, 14, 77, 17, 28, 15, 84, 0, 75, 79, 67, 85, 82, 52, 13, 5, 51, 88, 60, 12, 97, 45, 8, 48, 34, 93, 70, 4, 90, 94, 26, 20, 65, 36, 74, 7, 25, 81, 18, 46, 53, 71, 39, 43, 91, 86, 2, 64, 54, 9, 95, 61, 83, 80, 11, 23, 73, 55, 44, 30, 10, 37, 19, 42, 76, 59, 41, 99, 6, 49, 63]
Shuffled list begin: [72, 56, 33, 27, 40, 14, 77, 17, 28, 15, 84, 0, 75, 79, 67, 85, 82, 52, 13, 5, 51, 88, 60, 12, 97, 45, 8, 48, 34, 93, 70, 4, 90, 94, 26, 20, 65, 36, 74, 7, 25, 81, 18, 46, 53, 71, 39, 43, 91, 86, 2, 64, 54, 9, 95, 61, 83, 80, 11, 23, 73, 55, 44, 30, 10, 37, 19, 42, 76, 59, 41, 99, 6, 49, 63]
Shuffled list begin: [72, 56, 33, 27, 40, 14, 77, 17, 28, 15, 84, 0, 75, 79, 67, 85, 82, 52, 13, 5, 51, 88, 60, 12, 97, 45, 8, 48, 34, 93, 70, 4, 90, 94, 26, 20, 65, 36, 74, 7, 25, 81, 18, 46, 53, 71, 39, 43, 91, 86, 2, 64, 54, 9, 95, 61, 83, 80, 11, 23, 73, 55, 44, 30, 10, 37, 19, 42, 76, 59, 41, 99, 6, 49, 63]
Shuffled list begin: [72, 56, 33, 27, 40, 14, 77, 17, 28, 15, 84, 0, 75, 79, 67, 85, 82, 52, 13, 5, 51, 88, 60, 12, 97, 45, 8, 48, 34, 93, 70, 4, 90, 94, 26, 20, 65, 36, 74, 7, 25, 81, 18, 46, 53, 71, 39, 43, 91, 86, 2, 64, 54, 9, 95, 61, 83, 80, 11, 23, 73, 55, 44, 30, 10, 37, 19, 42, 76, 59, 41, 99, 6, 49, 63]
Shuffled list begin: [72, 56, 33, 27, 40, 14, 77, 17, 28, 15, 84, 0, 75, 79, 67, 85, 82, 52, 13, 5, 51, 88, 60, 12, 97, 45, 8, 48, 34, 93, 70, 4, 90, 94, 26, 20, 65, 36, 74, 7, 25, 81, 18, 46, 53, 71, 39, 43, 91, 86, 2, 64, 54, 9, 95, 61, 83, 80, 11, 23, 73, 55, 44, 30, 10, 37, 19, 42, 76, 59, 41, 99, 6, 49, 63]
Shuffled list begin: [72, 56, 33, 27, 40, 14, 77, 17, 28, 15, 84, 0, 75, 79, 67, 85, 82, 52, 13, 5, 51, 88, 60, 12, 97, 45, 8, 48, 34, 93, 70, 4, 90, 94, 26, 20, 65, 36, 74, 7, 25, 81, 18, 46, 53, 71, 39, 43, 91, 86, 2, 64, 54, 9, 95, 61, 83, 80, 11, 23, 73, 55, 44, 30, 10, 37, 19, 42, 76, 59, 41, 99, 6, 49, 63]
Shuffled list begin: [72, 56, 33, 27, 40, 14, 77, 17, 28, 15, 84, 0, 75, 79, 67, 85, 82, 52, 13, 5, 51, 88, 60, 12, 97, 45, 8, 48, 34, 93, 70, 4, 90, 94, 26, 20, 65, 36, 74, 7, 25, 81, 18, 46, 53, 71, 39, 43, 91, 86, 2, 64, 54, 9, 95, 61, 83, 80, 11, 23, 73, 55, 44, 30, 10, 37, 19, 42, 76, 59, 41, 99, 6, 49, 63]
Shuffled list begin: [72, 56, 33, 27, 40, 14, 77, 17, 28, 15, 84, 0, 75, 79, 67, 85, 82, 52, 13, 5, 51, 88, 60, 12, 97, 45, 8, 48, 34, 93, 70, 4, 90, 94, 26, 20, 65, 36, 74, 7, 25, 81, 18, 46, 53, 71, 39, 43, 91, 86, 2, 64, 54, 9, 95, 61, 83, 80, 11, 23, 73, 55, 44, 30, 10, 37, 19, 42, 76, 59, 41, 99, 6, 49, 63]
Shuffled list begin: [72, 56, 33, 27, 40, 14, 77, 17, 28, 15, 84, 0, 75, 79, 67, 85, 82, 52, 13, 5, 51, 88, 60, 12, 97, 45, 8, 48, 34, 93, 70, 4, 90, 94, 26, 20, 65, 36, 74, 7, 25, 81, 18, 46, 53, 71, 39, 43, 91, 86, 2, 64, 54, 9, 95, 61, 83, 80, 11, 23, 73, 55, 44, 30, 10, 37, 19, 42, 76, 59, 41, 99, 6, 49, 63]
Shuffled list begin: [72, 56, 33, 27, 40, 14, 77, 17, 28, 15, 84, 0, 75, 79, 67, 85, 82, 52, 13, 5, 51, 88, 60, 12, 97, 45, 8, 48, 34, 93, 70, 4, 90, 94, 26, 20, 65, 36, 74, 7, 25, 81, 18, 46, 53, 71, 39, 43, 91, 86, 2, 64, 54, 9, 95, 61, 83, 80, 11, 23, 73, 55, 44, 30, 10, 37, 19, 42, 76, 59, 41, 99, 6, 49, 63]
Shuffled list begin: [72, 56, 33, 27, 40, 14, 77, 17, 28, 15, 84, 0, 75, 79, 67, 85, 82, 52, 13, 5, 51, 88, 60, 12, 97, 45, 8, 48, 34, 93, 70, 4, 90, 94, 26, 20, 65, 36, 74, 7, 25, 81, 18, 46, 53, 71, 39, 43, 91, 86, 2, 64, 54, 9, 95, 61, 83, 80, 11, 23, 73, 55, 44, 30, 10, 37, 19, 42, 76, 59, 41, 99, 6, 49, 63]
Shuffled list begin: [72, 56, 33, 27, 40, 14, 77, 17, 28, 15, 84, 0, 75, 79, 67, 85, 82, 52, 13, 5, 51, 88, 60, 12, 97, 45, 8, 48, 34, 93, 70, 4, 90, 94, 26, 20, 65, 36, 74, 7, 25, 81, 18, 46, 53, 71, 39, 43, 91, 86, 2, 64, 54, 9, 95, 61, 83, 80, 11, 23, 73, 55, 44, 30, 10, 37, 19, 42, 76, 59, 41, 99, 6, 49, 63]
Shuffled list begin: [72, 56, 33, 27, 40, 14, 77, 17, 28, 15, 84, 0, 75, 79, 67, 85, 82, 52, 13, 5, 51, 88, 60, 12, 97, 45, 8, 48, 34, 93, 70, 4, 90, 94, 26, 20, 65, 36, 74, 7, 25, 81, 18, 46, 53, 71, 39, 43, 91, 86, 2, 64, 54, 9, 95, 61, 83, 80, 11, 23, 73, 55, 44, 30, 10, 37, 19, 42, 76, 59, 41, 99, 6, 49, 63]
Shuffled list begin: [72, 56, 33, 27, 40, 14, 77, 17, 28, 15, 84, 0, 75, 79, 67, 85, 82, 52, 13, 5, 51, 88, 60, 12, 97, 45, 8, 48, 34, 93, 70, 4, 90, 94, 26, 20, 65, 36, 74, 7, 25, 81, 18, 46, 53, 71, 39, 43, 91, 86, 2, 64, 54, 9, 95, 61, 83, 80, 11, 23, 73, 55, 44, 30, 10, 37, 19, 42, 76, 59, 41, 99, 6, 49, 63]
Shuffled list begin: [72, 56, 33, 27, 40, 14, 77, 17, 28, 15, 84, 0, 75, 79, 67, 85, 82, 52, 13, 5, 51, 88, 60, 12, 97, 45, 8, 48, 34, 93, 70, 4, 90, 94, 26, 20, 65, 36, 74, 7, 25, 81, 18, 46, 53, 71, 39, 43, 91, 86, 2, 64, 54, 9, 95, 61, 83, 80, 11, 23, 73, 55, 44, 30, 10, 37, 19, 42, 76, 59, 41, 99, 6, 49, 63]
Shuffled list begin: [72, 56, 33, 27, 40, 14, 77, 17, 28, 15, 84, 0, 75, 79, 67, 85, 82, 52, 13, 5, 51, 88, 60, 12, 97, 45, 8, 48, 34, 93, 70, 4, 90, 94, 26, 20, 65, 36, 74, 7, 25, 81, 18, 46, 53, 71, 39, 43, 91, 86, 2, 64, 54, 9, 95, 61, 83, 80, 11, 23, 73, 55, 44, 30, 10, 37, 19, 42, 76, 59, 41, 99, 6, 49, 63]
Shuffled list begin: [72, 56, 33, 27, 40, 14, 77, 17, 28, 15, 84, 0, 75, 79, 67, 85, 82, 52, 13, 5, 51, 88, 60, 12, 97, 45, 8, 48, 34, 93, 70, 4, 90, 94, 26, 20, 65, 36, 74, 7, 25, 81, 18, 46, 53, 71, 39, 43, 91, 86, 2, 64, 54, 9, 95, 61, 83, 80, 11, 23, 73, 55, 44, 30, 10, 37, 19, 42, 76, 59, 41, 99, 6, 49, 63]
Shuffled list begin: [72, 56, 33, 27, 40, 14, 77, 17, 28, 15, 84, 0, 75, 79, 67, 85, 82, 52, 13, 5, 51, 88, 60, 12, 97, 45, 8, 48, 34, 93, 70, 4, 90, 94, 26, 20, 65, 36, 74, 7, 25, 81, 18, 46, 53, 71, 39, 43, 91, 86, 2, 64, 54, 9, 95, 61, 83, 80, 11, 23, 73, 55, 44, 30, 10, 37, 19, 42, 76, 59, 41, 99, 6, 49, 63]
Shuffled list begin: [72, 56, 33, 27, 40, 14, 77, 17, 28, 15, 84, 0, 75, 79, 67, 85, 82, 52, 13, 5, 51, 88, 60, 12, 97, 45, 8, 48, 34, 93, 70, 4, 90, 94, 26, 20, 65, 36, 74, 7, 25, 81, 18, 46, 53, 71, 39, 43, 91, 86, 2, 64, 54, 9, 95, 61, 83, 80, 11, 23, 73, 55, 44, 30, 10, 37, 19, 42, 76, 59, 41, 99, 6, 49, 63]
Shuffled list begin: [72, 56, 33, 27, 40, 14, 77, 17, 28, 15, 84, 0, 75, 79, 67, 85, 82, 52, 13, 5, 51, 88, 60, 12, 97, 45, 8, 48, 34, 93, 70, 4, 90, 94, 26, 20, 65, 36, 74, 7, 25, 81, 18, 46, 53, 71, 39, 43, 91, 86, 2, 64, 54, 9, 95, 61, 83, 80, 11, 23, 73, 55, 44, 30, 10, 37, 19, 42, 76, 59, 41, 99, 6, 49, 63]
Shuffled list begin: [72, 56, 33, 27, 40, 14, 77, 17, 28, 15, 84, 0, 75, 79, 67, 85, 82, 52, 13, 5, 51, 88, 60, 12, 97, 45, 8, 48, 34, 93, 70, 4, 90, 94, 26, 20, 65, 36, 74, 7, 25, 81, 18, 46, 53, 71, 39, 43, 91, 86, 2, 64, 54, 9, 95, 61, 83, 80, 11, 23, 73, 55, 44, 30, 10, 37, 19, 42, 76, 59, 41, 99, 6, 49, 63]
Shuffled list begin: [72, 56, 33, 27, 40, 14, 77, 17, 28, 15, 84, 0, 75, 79, 67, 85, 82, 52, 13, 5, 51, 88, 60, 12, 97, 45, 8, 48, 34, 93, 70, 4, 90, 94, 26, 20, 65, 36, 74, 7, 25, 81, 18, 46, 53, 71, 39, 43, 91, 86, 2, 64, 54, 9, 95, 61, 83, 80, 11, 23, 73, 55, 44, 30, 10, 37, 19, 42, 76, 59, 41, 99, 6, 49, 63]
Shuffled list begin: [72, 56, 33, 27, 40, 14, 77, 17, 28, 15, 84, 0, 75, 79, 67, 85, 82, 52, 13, 5, 51, 88, 60, 12, 97, 45, 8, 48, 34, 93, 70, 4, 90, 94, 26, 20, 65, 36, 74, 7, 25, 81, 18, 46, 53, 71, 39, 43, 91, 86, 2, 64, 54, 9, 95, 61, 83, 80, 11, 23, 73, 55, 44, 30, 10, 37, 19, 42, 76, 59, 41, 99, 6, 49, 63]
Shuffled list begin: [72, 56, 33, 27, 40, 14, 77, 17, 28, 15, 84, 0, 75, 79, 67, 85, 82, 52, 13, 5, 51, 88, 60, 12, 97, 45, 8, 48, 34, 93, 70, 4, 90, 94, 26, 20, 65, 36, 74, 7, 25, 81, 18, 46, 53, 71, 39, 43, 91, 86, 2, 64, 54, 9, 95, 61, 83, 80, 11, 23, 73, 55, 44, 30, 10, 37, 19, 42, 76, 59, 41, 99, 6, 49, 63]
Shuffled list begin: [72, 56, 33, 27, 40, 14, 77, 17, 28, 15, 84, 0, 75, 79, 67, 85, 82, 52, 13, 5, 51, 88, 60, 12, 97, 45, 8, 48, 34, 93, 70, 4, 90, 94, 26, 20, 65, 36, 74, 7, 25, 81, 18, 46, 53, 71, 39, 43, 91, 86, 2, 64, 54, 9, 95, 61, 83, 80, 11, 23, 73, 55, 44, 30, 10, 37, 19, 42, 76, 59, 41, 99, 6, 49, 63]
Shuffled list begin: [72, 56, 33, 27, 40, 14, 77, 17, 28, 15, 84, 0, 75, 79, 67, 85, 82, 52, 13, 5, 51, 88, 60, 12, 97, 45, 8, 48, 34, 93, 70, 4, 90, 94, 26, 20, 65, 36, 74, 7, 25, 81, 18, 46, 53, 71, 39, 43, 91, 86, 2, 64, 54, 9, 95, 61, 83, 80, 11, 23, 73, 55, 44, 30, 10, 37, 19, 42, 76, 59, 41, 99, 6, 49, 63]
Shuffled list begin: [72, 56, 33, 27, 40, 14, 77, 17, 28, 15, 84, 0, 75, 79, 67, 85, 82, 52, 13, 5, 51, 88, 60, 12, 97, 45, 8, 48, 34, 93, 70, 4, 90, 94, 26, 20, 65, 36, 74, 7, 25, 81, 18, 46, 53, 71, 39, 43, 91, 86, 2, 64, 54, 9, 95, 61, 83, 80, 11, 23, 73, 55, 44, 30, 10, 37, 19, 42, 76, 59, 41, 99, 6, 49, 63]
Shuffled list begin: [72, 56, 33, 27, 40, 14, 77, 17, 28, 15, 84, 0, 75, 79, 67, 85, 82, 52, 13, 5, 51, 88, 60, 12, 97, 45, 8, 48, 34, 93, 70, 4, 90, 94, 26, 20, 65, 36, 74, 7, 25, 81, 18, 46, 53, 71, 39, 43, 91, 86, 2, 64, 54, 9, 95, 61, 83, 80, 11, 23, 73, 55, 44, 30, 10, 37, 19, 42, 76, 59, 41, 99, 6, 49, 63]
Shuffled list begin: [72, 56, 33, 27, 40, 14, 77, 17, 28, 15, 84, 0, 75, 79, 67, 85, 82, 52, 13, 5, 51, 88, 60, 12, 97, 45, 8, 48, 34, 93, 70, 4, 90, 94, 26, 20, 65, 36, 74, 7, 25, 81, 18, 46, 53, 71, 39, 43, 91, 86, 2, 64, 54, 9, 95, 61, 83, 80, 11, 23, 73, 55, 44, 30, 10, 37, 19, 42, 76, 59, 41, 99, 6, 49, 63]
Shuffled list begin: [72, 56, 33, 27, 40, 14, 77, 17, 28, 15, 84, 0, 75, 79, 67, 85, 82, 52, 13, 5, 51, 88, 60, 12, 97, 45, 8, 48, 34, 93, 70, 4, 90, 94, 26, 20, 65, 36, 74, 7, 25, 81, 18, 46, 53, 71, 39, 43, 91, 86, 2, 64, 54, 9, 95, 61, 83, 80, 11, 23, 73, 55, 44, 30, 10, 37, 19, 42, 76, 59, 41, 99, 6, 49, 63]
Shuffled list begin: [72, 56, 33, 27, 40, 14, 77, 17, 28, 15, 84, 0, 75, 79, 67, 85, 82, 52, 13, 5, 51, 88, 60, 12, 97, 45, 8, 48, 34, 93, 70, 4, 90, 94, 26, 20, 65, 36, 74, 7, 25, 81, 18, 46, 53, 71, 39, 43, 91, 86, 2, 64, 54, 9, 95, 61, 83, 80, 11, 23, 73, 55, 44, 30, 10, 37, 19, 42, 76, 59, 41, 99, 6, 49, 63]
Shuffled list begin: [72, 56, 33, 27, 40, 14, 77, 17, 28, 15, 84, 0, 75, 79, 67, 85, 82, 52, 13, 5, 51, 88, 60, 12, 97, 45, 8, 48, 34, 93, 70, 4, 90, 94, 26, 20, 65, 36, 74, 7, 25, 81, 18, 46, 53, 71, 39, 43, 91, 86, 2, 64, 54, 9, 95, 61, 83, 80, 11, 23, 73, 55, 44, 30, 10, 37, 19, 42, 76, 59, 41, 99, 6, 49, 63]
Shuffled list begin: [72, 56, 33, 27, 40, 14, 77, 17, 28, 15, 84, 0, 75, 79, 67, 85, 82, 52, 13, 5, 51, 88, 60, 12, 97, 45, 8, 48, 34, 93, 70, 4, 90, 94, 26, 20, 65, 36, 74, 7, 25, 81, 18, 46, 53, 71, 39, 43, 91, 86, 2, 64, 54, 9, 95, 61, 83, 80, 11, 23, 73, 55, 44, 30, 10, 37, 19, 42, 76, 59, 41, 99, 6, 49, 63]
Shuffled list begin: [72, 56, 33, 27, 40, 14, 77, 17, 28, 15, 84, 0, 75, 79, 67, 85, 82, 52, 13, 5, 51, 88, 60, 12, 97, 45, 8, 48, 34, 93, 70, 4, 90, 94, 26, 20, 65, 36, 74, 7, 25, 81, 18, 46, 53, 71, 39, 43, 91, 86, 2, 64, 54, 9, 95, 61, 83, 80, 11, 23, 73, 55, 44, 30, 10, 37, 19, 42, 76, 59, 41, 99, 6, 49, 63]
Shuffled list begin: [72, 56, 33, 27, 40, 14, 77, 17, 28, 15, 84, 0, 75, 79, 67, 85, 82, 52, 13, 5, 51, 88, 60, 12, 97, 45, 8, 48, 34, 93, 70, 4, 90, 94, 26, 20, 65, 36, 74, 7, 25, 81, 18, 46, 53, 71, 39, 43, 91, 86, 2, 64, 54, 9, 95, 61, 83, 80, 11, 23, 73, 55, 44, 30, 10, 37, 19, 42, 76, 59, 41, 99, 6, 49, 63]
Shuffled list begin: [72, 56, 33, 27, 40, 14, 77, 17, 28, 15, 84, 0, 75, 79, 67, 85, 82, 52, 13, 5, 51, 88, 60, 12, 97, 45, 8, 48, 34, 93, 70, 4, 90, 94, 26, 20, 65, 36, 74, 7, 25, 81, 18, 46, 53, 71, 39, 43, 91, 86, 2, 64, 54, 9, 95, 61, 83, 80, 11, 23, 73, 55, 44, 30, 10, 37, 19, 42, 76, 59, 41, 99, 6, 49, 63]
Shuffled list begin: [72, 56, 33, 27, 40, 14, 77, 17, 28, 15, 84, 0, 75, 79, 67, 85, 82, 52, 13, 5, 51, 88, 60, 12, 97, 45, 8, 48, 34, 93, 70, 4, 90, 94, 26, 20, 65, 36, 74, 7, 25, 81, 18, 46, 53, 71, 39, 43, 91, 86, 2, 64, 54, 9, 95, 61, 83, 80, 11, 23, 73, 55, 44, 30, 10, 37, 19, 42, 76, 59, 41, 99, 6, 49, 63]
Shuffled list begin: [72, 56, 33, 27, 40, 14, 77, 17, 28, 15, 84, 0, 75, 79, 67, 85, 82, 52, 13, 5, 51, 88, 60, 12, 97, 45, 8, 48, 34, 93, 70, 4, 90, 94, 26, 20, 65, 36, 74, 7, 25, 81, 18, 46, 53, 71, 39, 43, 91, 86, 2, 64, 54, 9, 95, 61, 83, 80, 11, 23, 73, 55, 44, 30, 10, 37, 19, 42, 76, 59, 41, 99, 6, 49, 63]
Shuffled list begin: [72, 56, 33, 27, 40, 14, 77, 17, 28, 15, 84, 0, 75, 79, 67, 85, 82, 52, 13, 5, 51, 88, 60, 12, 97, 45, 8, 48, 34, 93, 70, 4, 90, 94, 26, 20, 65, 36, 74, 7, 25, 81, 18, 46, 53, 71, 39, 43, 91, 86, 2, 64, 54, 9, 95, 61, 83, 80, 11, 23, 73, 55, 44, 30, 10, 37, 19, 42, 76, 59, 41, 99, 6, 49, 63]
Shuffled list begin: [72, 56, 33, 27, 40, 14, 77, 17, 28, 15, 84, 0, 75, 79, 67, 85, 82, 52, 13, 5, 51, 88, 60, 12, 97, 45, 8, 48, 34, 93, 70, 4, 90, 94, 26, 20, 65, 36, 74, 7, 25, 81, 18, 46, 53, 71, 39, 43, 91, 86, 2, 64, 54, 9, 95, 61, 83, 80, 11, 23, 73, 55, 44, 30, 10, 37, 19, 42, 76, 59, 41, 99, 6, 49, 63]
Shuffled list begin: [72, 56, 33, 27, 40, 14, 77, 17, 28, 15, 84, 0, 75, 79, 67, 85, 82, 52, 13, 5, 51, 88, 60, 12, 97, 45, 8, 48, 34, 93, 70, 4, 90, 94, 26, 20, 65, 36, 74, 7, 25, 81, 18, 46, 53, 71, 39, 43, 91, 86, 2, 64, 54, 9, 95, 61, 83, 80, 11, 23, 73, 55, 44, 30, 10, 37, 19, 42, 76, 59, 41, 99, 6, 49, 63]
Shuffled list begin: [72, 56, 33, 27, 40, 14, 77, 17, 28, 15, 84, 0, 75, 79, 67, 85, 82, 52, 13, 5, 51, 88, 60, 12, 97, 45, 8, 48, 34, 93, 70, 4, 90, 94, 26, 20, 65, 36, 74, 7, 25, 81, 18, 46, 53, 71, 39, 43, 91, 86, 2, 64, 54, 9, 95, 61, 83, 80, 11, 23, 73, 55, 44, 30, 10, 37, 19, 42, 76, 59, 41, 99, 6, 49, 63]
Shuffled list begin: [72, 56, 33, 27, 40, 14, 77, 17, 28, 15, 84, 0, 75, 79, 67, 85, 82, 52, 13, 5, 51, 88, 60, 12, 97, 45, 8, 48, 34, 93, 70, 4, 90, 94, 26, 20, 65, 36, 74, 7, 25, 81, 18, 46, 53, 71, 39, 43, 91, 86, 2, 64, 54, 9, 95, 61, 83, 80, 11, 23, 73, 55, 44, 30, 10, 37, 19, 42, 76, 59, 41, 99, 6, 49, 63]
Shuffled list begin: [72, 56, 33, 27, 40, 14, 77, 17, 28, 15, 84, 0, 75, 79, 67, 85, 82, 52, 13, 5, 51, 88, 60, 12, 97, 45, 8, 48, 34, 93, 70, 4, 90, 94, 26, 20, 65, 36, 74, 7, 25, 81, 18, 46, 53, 71, 39, 43, 91, 86, 2, 64, 54, 9, 95, 61, 83, 80, 11, 23, 73, 55, 44, 30, 10, 37, 19, 42, 76, 59, 41, 99, 6, 49, 63]
Shuffled list begin: [72, 56, 33, 27, 40, 14, 77, 17, 28, 15, 84, 0, 75, 79, 67, 85, 82, 52, 13, 5, 51, 88, 60, 12, 97, 45, 8, 48, 34, 93, 70, 4, 90, 94, 26, 20, 65, 36, 74, 7, 25, 81, 18, 46, 53, 71, 39, 43, 91, 86, 2, 64, 54, 9, 95, 61, 83, 80, 11, 23, 73, 55, 44, 30, 10, 37, 19, 42, 76, 59, 41, 99, 6, 49, 63]
Shuffled list begin: [72, 56, 33, 27, 40, 14, 77, 17, 28, 15, 84, 0, 75, 79, 67, 85, 82, 52, 13, 5, 51, 88, 60, 12, 97, 45, 8, 48, 34, 93, 70, 4, 90, 94, 26, 20, 65, 36, 74, 7, 25, 81, 18, 46, 53, 71, 39, 43, 91, 86, 2, 64, 54, 9, 95, 61, 83, 80, 11, 23, 73, 55, 44, 30, 10, 37, 19, 42, 76, 59, 41, 99, 6, 49, 63]
Shuffled list begin: [72, 56, 33, 27, 40, 14, 77, 17, 28, 15, 84, 0, 75, 79, 67, 85, 82, 52, 13, 5, 51, 88, 60, 12, 97, 45, 8, 48, 34, 93, 70, 4, 90, 94, 26, 20, 65, 36, 74, 7, 25, 81, 18, 46, 53, 71, 39, 43, 91, 86, 2, 64, 54, 9, 95, 61, 83, 80, 11, 23, 73, 55, 44, 30, 10, 37, 19, 42, 76, 59, 41, 99, 6, 49, 63]
Shuffled list begin: [72, 56, 33, 27, 40, 14, 77, 17, 28, 15, 84, 0, 75, 79, 67, 85, 82, 52, 13, 5, 51, 88, 60, 12, 97, 45, 8, 48, 34, 93, 70, 4, 90, 94, 26, 20, 65, 36, 74, 7, 25, 81, 18, 46, 53, 71, 39, 43, 91, 86, 2, 64, 54, 9, 95, 61, 83, 80, 11, 23, 73, 55, 44, 30, 10, 37, 19, 42, 76, 59, 41, 99, 6, 49, 63]
Shuffled list begin: [72, 56, 33, 27, 40, 14, 77, 17, 28, 15, 84, 0, 75, 79, 67, 85, 82, 52, 13, 5, 51, 88, 60, 12, 97, 45, 8, 48, 34, 93, 70, 4, 90, 94, 26, 20, 65, 36, 74, 7, 25, 81, 18, 46, 53, 71, 39, 43, 91, 86, 2, 64, 54, 9, 95, 61, 83, 80, 11, 23, 73, 55, 44, 30, 10, 37, 19, 42, 76, 59, 41, 99, 6, 49, 63]
Shuffled list begin: [72, 56, 33, 27, 40, 14, 77, 17, 28, 15, 84, 0, 75, 79, 67, 85, 82, 52, 13, 5, 51, 88, 60, 12, 97, 45, 8, 48, 34, 93, 70, 4, 90, 94, 26, 20, 65, 36, 74, 7, 25, 81, 18, 46, 53, 71, 39, 43, 91, 86, 2, 64, 54, 9, 95, 61, 83, 80, 11, 23, 73, 55, 44, 30, 10, 37, 19, 42, 76, 59, 41, 99, 6, 49, 63]
Shuffled list begin: [72, 56, 33, 27, 40, 14, 77, 17, 28, 15, 84, 0, 75, 79, 67, 85, 82, 52, 13, 5, 51, 88, 60, 12, 97, 45, 8, 48, 34, 93, 70, 4, 90, 94, 26, 20, 65, 36, 74, 7, 25, 81, 18, 46, 53, 71, 39, 43, 91, 86, 2, 64, 54, 9, 95, 61, 83, 80, 11, 23, 73, 55, 44, 30, 10, 37, 19, 42, 76, 59, 41, 99, 6, 49, 63]
Shuffled list begin: [72, 56, 33, 27, 40, 14, 77, 17, 28, 15, 84, 0, 75, 79, 67, 85, 82, 52, 13, 5, 51, 88, 60, 12, 97, 45, 8, 48, 34, 93, 70, 4, 90, 94, 26, 20, 65, 36, 74, 7, 25, 81, 18, 46, 53, 71, 39, 43, 91, 86, 2, 64, 54, 9, 95, 61, 83, 80, 11, 23, 73, 55, 44, 30, 10, 37, 19, 42, 76, 59, 41, 99, 6, 49, 63]
Shuffled list begin: [72, 56, 33, 27, 40, 14, 77, 17, 28, 15, 84, 0, 75, 79, 67, 85, 82, 52, 13, 5, 51, 88, 60, 12, 97, 45, 8, 48, 34, 93, 70, 4, 90, 94, 26, 20, 65, 36, 74, 7, 25, 81, 18, 46, 53, 71, 39, 43, 91, 86, 2, 64, 54, 9, 95, 61, 83, 80, 11, 23, 73, 55, 44, 30, 10, 37, 19, 42, 76, 59, 41, 99, 6, 49, 63]
Shuffled list begin: [72, 56, 33, 27, 40, 14, 77, 17, 28, 15, 84, 0, 75, 79, 67, 85, 82, 52, 13, 5, 51, 88, 60, 12, 97, 45, 8, 48, 34, 93, 70, 4, 90, 94, 26, 20, 65, 36, 74, 7, 25, 81, 18, 46, 53, 71, 39, 43, 91, 86, 2, 64, 54, 9, 95, 61, 83, 80, 11, 23, 73, 55, 44, 30, 10, 37, 19, 42, 76, 59, 41, 99, 6, 49, 63]
Shuffled list begin: [72, 56, 33, 27, 40, 14, 77, 17, 28, 15, 84, 0, 75, 79, 67, 85, 82, 52, 13, 5, 51, 88, 60, 12, 97, 45, 8, 48, 34, 93, 70, 4, 90, 94, 26, 20, 65, 36, 74, 7, 25, 81, 18, 46, 53, 71, 39, 43, 91, 86, 2, 64, 54, 9, 95, 61, 83, 80, 11, 23, 73, 55, 44, 30, 10, 37, 19, 42, 76, 59, 41, 99, 6, 49, 63]
Shuffled list begin: [72, 56, 33, 27, 40, 14, 77, 17, 28, 15, 84, 0, 75, 79, 67, 85, 82, 52, 13, 5, 51, 88, 60, 12, 97, 45, 8, 48, 34, 93, 70, 4, 90, 94, 26, 20, 65, 36, 74, 7, 25, 81, 18, 46, 53, 71, 39, 43, 91, 86, 2, 64, 54, 9, 95, 61, 83, 80, 11, 23, 73, 55, 44, 30, 10, 37, 19, 42, 76, 59, 41, 99, 6, 49, 63]
Shuffled list begin: [72, 56, 33, 27, 40, 14, 77, 17, 28, 15, 84, 0, 75, 79, 67, 85, 82, 52, 13, 5, 51, 88, 60, 12, 97, 45, 8, 48, 34, 93, 70, 4, 90, 94, 26, 20, 65, 36, 74, 7, 25, 81, 18, 46, 53, 71, 39, 43, 91, 86, 2, 64, 54, 9, 95, 61, 83, 80, 11, 23, 73, 55, 44, 30, 10, 37, 19, 42, 76, 59, 41, 99, 6, 49, 63]
Shuffled list begin: [72, 56, 33, 27, 40, 14, 77, 17, 28, 15, 84, 0, 75, 79, 67, 85, 82, 52, 13, 5, 51, 88, 60, 12, 97, 45, 8, 48, 34, 93, 70, 4, 90, 94, 26, 20, 65, 36, 74, 7, 25, 81, 18, 46, 53, 71, 39, 43, 91, 86, 2, 64, 54, 9, 95, 61, 83, 80, 11, 23, 73, 55, 44, 30, 10, 37, 19, 42, 76, 59, 41, 99, 6, 49, 63]
Shuffled list begin: [72, 56, 33, 27, 40, 14, 77, 17, 28, 15, 84, 0, 75, 79, 67, 85, 82, 52, 13, 5, 51, 88, 60, 12, 97, 45, 8, 48, 34, 93, 70, 4, 90, 94, 26, 20, 65, 36, 74, 7, 25, 81, 18, 46, 53, 71, 39, 43, 91, 86, 2, 64, 54, 9, 95, 61, 83, 80, 11, 23, 73, 55, 44, 30, 10, 37, 19, 42, 76, 59, 41, 99, 6, 49, 63]
Shuffled list begin: [72, 56, 33, 27, 40, 14, 77, 17, 28, 15, 84, 0, 75, 79, 67, 85, 82, 52, 13, 5, 51, 88, 60, 12, 97, 45, 8, 48, 34, 93, 70, 4, 90, 94, 26, 20, 65, 36, 74, 7, 25, 81, 18, 46, 53, 71, 39, 43, 91, 86, 2, 64, 54, 9, 95, 61, 83, 80, 11, 23, 73, 55, 44, 30, 10, 37, 19, 42, 76, 59, 41, 99, 6, 49, 63]
Shuffled list begin: [72, 56, 33, 27, 40, 14, 77, 17, 28, 15, 84, 0, 75, 79, 67, 85, 82, 52, 13, 5, 51, 88, 60, 12, 97, 45, 8, 48, 34, 93, 70, 4, 90, 94, 26, 20, 65, 36, 74, 7, 25, 81, 18, 46, 53, 71, 39, 43, 91, 86, 2, 64, 54, 9, 95, 61, 83, 80, 11, 23, 73, 55, 44, 30, 10, 37, 19, 42, 76, 59, 41, 99, 6, 49, 63]
Shuffled list begin: [72, 56, 33, 27, 40, 14, 77, 17, 28, 15, 84, 0, 75, 79, 67, 85, 82, 52, 13, 5, 51, 88, 60, 12, 97, 45, 8, 48, 34, 93, 70, 4, 90, 94, 26, 20, 65, 36, 74, 7, 25, 81, 18, 46, 53, 71, 39, 43, 91, 86, 2, 64, 54, 9, 95, 61, 83, 80, 11, 23, 73, 55, 44, 30, 10, 37, 19, 42, 76, 59, 41, 99, 6, 49, 63]
Shuffled list begin: [72, 56, 33, 27, 40, 14, 77, 17, 28, 15, 84, 0, 75, 79, 67, 85, 82, 52, 13, 5, 51, 88, 60, 12, 97, 45, 8, 48, 34, 93, 70, 4, 90, 94, 26, 20, 65, 36, 74, 7, 25, 81, 18, 46, 53, 71, 39, 43, 91]
Shuffled list begin: [72, 56, 33, 27, 40, 14, 77, 17, 28, 15, 84, 0, 75, 79, 67, 85, 82, 52, 13, 5, 51, 88, 60, 12, 97, 45, 8, 48, 34, 93, 70, 4, 90, 94, 26, 20, 65, 36, 74, 7, 25, 81, 18, 46, 53, 71, 39, 43, 91]
Shuffled list begin: [72, 56, 33, 27, 40, 14, 77, 17, 28, 15, 84, 0, 75, 79, 67, 85, 82, 52, 13, 5, 51, 88, 60, 12, 97, 45, 8, 48, 34, 93, 70, 4, 90, 94, 26, 20, 65, 36, 74, 7, 25, 81, 18, 46, 53, 71, 39, 43, 91]
Shuffled list begin: [72, 56, 33, 27, 40, 14, 77, 17, 28, 15, 84, 0, 75, 79, 67, 85, 82, 52, 13, 5, 51, 88, 60, 12, 97, 45, 8, 48, 34, 93, 70, 4, 90, 94, 26, 20, 65, 36, 74, 7, 25, 81, 18, 46, 53, 71, 39, 43, 91]
Shuffled list begin: [72, 56, 33, 27, 40, 14, 77, 17, 28, 15, 84, 0, 75, 79, 67, 85, 82, 52, 13, 5, 51, 88, 60, 12, 97, 45, 8, 48, 34, 93, 70, 4, 90, 94, 26, 20, 65, 36, 74, 7, 25, 81, 18, 46, 53, 71, 39, 43, 91]
Shuffled list begin: [72, 56, 33, 27, 40, 14, 77, 17, 28, 15, 84, 0, 75, 79, 67, 85, 82, 52, 13, 5, 51, 88, 60, 12, 97, 45, 8, 48, 34, 93, 70, 4, 90, 94, 26, 20, 65, 36, 74, 7, 25, 81, 18, 46, 53, 71, 39, 43, 91]
Shuffled list begin: [72, 56, 33, 27, 40, 14, 77, 17, 28, 15, 84, 0, 75, 79, 67, 85, 82, 52, 13, 5, 51, 88, 60, 12, 97, 45, 8, 48, 34, 93, 70, 4, 90, 94, 26, 20, 65, 36, 74, 7, 25, 81, 18, 46, 53, 71, 39, 43, 91]
Shuffled list begin: [72, 56, 33, 27, 40, 14, 77, 17, 28, 15, 84, 0, 75, 79, 67, 85, 82, 52, 13, 5, 51, 88, 60, 12, 97, 45, 8, 48, 34, 93, 70, 4, 90, 94, 26, 20, 65, 36, 74, 7, 25, 81, 18, 46, 53, 71, 39, 43, 91]
Shuffled list begin: [72, 56, 33, 27, 40, 14, 77, 17, 28, 15, 84, 0, 75, 79, 67, 85, 82, 52, 13, 5, 51, 88, 60, 12, 97, 45, 8, 48, 34, 93, 70, 4, 90, 94, 26, 20, 65, 36, 74, 7, 25, 81, 18, 46, 53, 71, 39, 43, 91]
Shuffled list begin: [72, 56, 33, 27, 40, 14, 77, 17, 28, 15, 84, 0, 75, 79, 67, 85, 82, 52, 13, 5, 51, 88, 60, 12, 97, 45, 8, 48, 34, 93, 70, 4, 90, 94, 26, 20, 65, 36, 74, 7, 25, 81, 18, 46, 53, 71, 39, 43, 91]
Shuffled list begin: [72, 56, 33, 27, 40, 14, 77, 17, 28, 15, 84, 0, 75, 79, 67, 85, 82, 52, 13, 5, 51, 88, 60, 12, 97, 45, 8, 48, 34, 93, 70, 4, 90, 94, 26, 20, 65, 36, 74, 7, 25, 81, 18, 46, 53, 71, 39, 43, 91]
Shuffled list begin: [72, 56, 33, 27, 40, 14, 77, 17, 28, 15, 84, 0, 75, 79, 67, 85, 82, 52, 13, 5, 51, 88, 60, 12, 97, 45, 8, 48, 34, 93, 70, 4, 90, 94, 26, 20, 65, 36, 74, 7, 25, 81, 18, 46, 53, 71, 39, 43, 91]
Shuffled list begin: [72, 56, 33, 27, 40, 14, 77, 17, 28, 15, 84, 0, 75, 79, 67, 85, 82, 52, 13, 5, 51, 88, 60, 12, 97, 45, 8, 48, 34, 93, 70, 4, 90, 94, 26, 20, 65, 36, 74, 7, 25, 81, 18, 46, 53, 71, 39, 43, 91]
Shuffled list begin: [72, 56, 33, 27, 40, 14, 77, 17, 28, 15, 84, 0, 75, 79, 67, 85, 82, 52, 13, 5, 51, 88, 60, 12, 97, 45, 8, 48, 34, 93, 70, 4, 90, 94, 26, 20, 65, 36, 74, 7, 25, 81, 18, 46, 53, 71, 39, 43, 91]
Shuffled list begin: [72, 56, 33, 27, 40, 14, 77, 17, 28, 15, 84, 0, 75, 79, 67, 85, 82, 52, 13, 5, 51, 88, 60, 12, 97, 45, 8, 48, 34, 93, 70, 4, 90, 94, 26, 20, 65, 36, 74, 7, 25, 81, 18, 46, 53, 71, 39, 43, 91]
Shuffled list begin: [72, 56, 33, 27, 40, 14, 77, 17, 28, 15, 84, 0, 75, 79, 67, 85, 82, 52, 13, 5, 51, 88, 60, 12, 97, 45, 8, 48, 34, 93, 70, 4, 90, 94, 26, 20, 65, 36, 74, 7, 25, 81, 18, 46, 53, 71, 39, 43, 91]
Shuffled list begin: [72, 56, 33, 27, 40, 14, 77, 17, 28, 15, 84, 0, 75, 79, 67, 85, 82, 52, 13, 5, 51, 88, 60, 12, 97, 45, 8, 48, 34, 93, 70, 4, 90, 94, 26, 20, 65, 36, 74, 7, 25, 81, 18, 46, 53, 71, 39, 43, 91]
Shuffled list begin: [72, 56, 33, 27, 40, 14, 77, 17, 28, 15, 84, 0, 75, 79, 67, 85, 82, 52, 13, 5, 51, 88, 60, 12, 97, 45, 8, 48, 34, 93, 70, 4, 90, 94, 26, 20, 65, 36, 74, 7, 25, 81, 18, 46, 53, 71, 39, 43, 91]
Shuffled list begin: [72, 56, 33, 27, 40, 14, 77, 17, 28, 15, 84, 0, 75, 79, 67, 85, 82, 52, 13, 5, 51, 88, 60, 12, 97, 45, 8, 48, 34, 93, 70, 4, 90, 94, 26, 20, 65, 36, 74, 7, 25, 81, 18, 46, 53, 71, 39, 43, 91]
Shuffled list begin: [72, 56, 33, 27, 40, 14, 77, 17, 28, 15, 84, 0, 75, 79, 67, 85, 82, 52, 13, 5, 51, 88, 60, 12, 97, 45, 8, 48, 34, 93, 70, 4, 90, 94, 26, 20, 65, 36, 74, 7, 25, 81, 18, 46, 53, 71, 39, 43, 91]
Shuffled list begin: [72, 56, 33, 27, 40, 14, 77, 17, 28, 15, 84, 0, 75, 79, 67, 85, 82, 52, 13, 5, 51, 88, 60, 12, 97, 45, 8, 48, 34, 93, 70, 4, 90, 94, 26, 20, 65, 36, 74, 7, 25, 81, 18, 46, 53, 71, 39, 43, 91]
Shuffled list begin: [72, 56, 33, 27, 40, 14, 77, 17, 28, 15, 84, 0, 75, 79, 67, 85, 82, 52, 13, 5, 51, 88, 60, 12, 97, 45, 8, 48, 34, 93, 70, 4, 90, 94, 26, 20, 65, 36, 74, 7, 25, 81, 18, 46, 53, 71, 39, 43, 91]
Shuffled list begin: [72, 56, 33, 27, 40, 14, 77, 17, 28, 15, 84, 0, 75, 79, 67, 85, 82, 52, 13, 5, 51, 88, 60, 12, 97, 45, 8, 48, 34, 93, 70, 4, 90, 94, 26, 20, 65, 36, 74, 7, 25, 81, 18, 46, 53, 71, 39, 43, 91]
Shuffled list begin: [72, 56, 33, 27, 40, 14, 77, 17, 28, 15, 84, 0, 75, 79, 67, 85, 82, 52, 13, 5, 51, 88, 60, 12, 97, 45, 8, 48, 34, 93, 70, 4, 90, 94, 26, 20, 65, 36, 74, 7, 25, 81, 18, 46, 53, 71, 39, 43, 91]
Shuffled list begin: [72, 56, 33, 27, 40, 14, 77, 17, 28, 15, 84, 0, 75, 79, 67, 85, 82, 52, 13, 5, 51, 88, 60, 12, 97, 45, 8, 48, 34, 93, 70, 4, 90, 94, 26, 20, 65, 36, 74, 7, 25, 81, 18, 46, 53, 71, 39, 43, 91]
Shuffled list begin: [72, 56, 33, 27, 40, 14, 77, 17, 28, 15, 84, 0, 75, 79, 67, 85, 82, 52, 13, 5, 51, 88, 60, 12, 97, 45, 8, 48, 34, 93, 70, 4, 90, 94, 26, 20, 65, 36, 74, 7, 25, 81, 18, 46, 53, 71, 39, 43, 91]
Shuffled list begin: [72, 56, 33, 27, 40, 14, 77, 17, 28, 15, 84, 0, 75, 79, 67, 85, 82, 52, 13, 5, 51, 88, 60, 12, 97, 45, 8, 48, 34, 93, 70, 4, 90, 94, 26, 20, 65, 36, 74, 7, 25, 81, 18, 46, 53, 71, 39, 43, 91]
Shuffled list begin: [72, 56, 33, 27, 40, 14, 77, 17, 28, 15, 84, 0, 75, 79, 67, 85, 82, 52, 13, 5, 51, 88, 60, 12, 97, 45, 8, 48, 34, 93, 70, 4, 90, 94, 26, 20, 65, 36, 74, 7, 25, 81, 18, 46, 53, 71, 39, 43, 91]
Shuffled list begin: [72, 56, 33, 27, 40, 14, 77, 17, 28, 15, 84, 0, 75, 79, 67, 85, 82, 52, 13, 5, 51, 88, 60, 12, 97, 45, 8, 48, 34, 93, 70, 4, 90, 94, 26, 20, 65, 36, 74, 7, 25, 81, 18, 46, 53, 71, 39, 43, 91]
Shuffled list begin: [72, 56, 33, 27, 40, 14, 77, 17, 28, 15, 84, 0, 75, 79, 67, 85, 82, 52, 13, 5, 51, 88, 60, 12, 97, 45, 8, 48, 34, 93, 70, 4, 90, 94, 26, 20, 65, 36, 74, 7, 25, 81, 18, 46, 53, 71, 39, 43, 91]
Shuffled list begin: [72, 56, 33, 27, 40, 14, 77, 17, 28, 15, 84, 0, 75, 79, 67, 85, 82, 52, 13, 5, 51, 88, 60, 12, 97, 45, 8, 48, 34, 93, 70, 4, 90, 94, 26, 20, 65, 36, 74, 7, 25, 81, 18, 46, 53, 71, 39, 43, 91]
Shuffled list begin: [72, 56, 33, 27, 40, 14, 77, 17, 28, 15, 84, 0, 75, 79, 67, 85, 82, 52, 13, 5, 51, 88, 60, 12, 97, 45, 8, 48, 34, 93, 70, 4, 90, 94, 26, 20, 65, 36, 74, 7, 25, 81, 18, 46, 53, 71, 39, 43, 91]
Shuffled list begin: [72, 56, 33, 27, 40, 14, 77, 17, 28, 15, 84, 0, 75, 79, 67, 85, 82, 52, 13, 5, 51, 88, 60, 12, 97, 45, 8, 48, 34, 93, 70, 4, 90, 94, 26, 20, 65, 36, 74, 7, 25, 81, 18, 46, 53, 71, 39, 43, 91]
Shuffled list begin: [72, 56, 33, 27, 40, 14, 77, 17, 28, 15, 84, 0, 75, 79, 67, 85, 82, 52, 13, 5, 51, 88, 60, 12, 97, 45, 8, 48, 34, 93, 70, 4, 90, 94, 26, 20, 65, 36, 74, 7, 25, 81, 18, 46, 53, 71, 39, 43, 91]
Shuffled list begin: [72, 56, 33, 27, 40, 14, 77, 17, 28, 15, 84, 0, 75, 79, 67, 85, 82, 52, 13, 5, 51, 88, 60, 12, 97, 45, 8, 48, 34, 93, 70, 4, 90, 94, 26, 20, 65, 36, 74, 7, 25, 81, 18, 46, 53, 71, 39, 43, 91]
Shuffled list begin: [72, 56, 33, 27, 40, 14, 77, 17, 28, 15, 84, 0, 75, 79, 67, 85, 82, 52, 13, 5, 51, 88, 60, 12, 97, 45, 8, 48, 34, 93, 70, 4, 90, 94, 26, 20, 65, 36, 74, 7, 25, 81, 18, 46, 53, 71, 39, 43, 91]
Shuffled list begin: [72, 56, 33, 27, 40, 14, 77, 17, 28, 15, 84, 0, 75, 79, 67, 85, 82, 52, 13, 5, 51, 88, 60, 12, 97, 45, 8, 48, 34, 93, 70, 4, 90, 94, 26, 20, 65, 36, 74, 7, 25, 81, 18, 46, 53, 71, 39, 43, 91]
Shuffled list begin: [72, 56, 33, 27, 40, 14, 77, 17, 28, 15, 84, 0, 75, 79, 67, 85, 82, 52, 13, 5, 51, 88, 60, 12, 97, 45, 8, 48, 34, 93, 70, 4, 90, 94, 26, 20, 65, 36, 74, 7, 25, 81, 18, 46, 53, 71, 39, 43, 91]
Shuffled list begin: [72, 56, 33, 27, 40, 14, 77, 17, 28, 15, 84, 0, 75, 79, 67, 85, 82, 52, 13, 5, 51, 88, 60, 12, 97, 45, 8, 48, 34, 93, 70, 4, 90, 94, 26, 20, 65, 36, 74, 7, 25, 81, 18, 46, 53, 71, 39, 43, 91]
Shuffled list begin: [72, 56, 33, 27, 40, 14, 77, 17, 28, 15, 84, 0, 75, 79, 67, 85, 82, 52, 13, 5, 51, 88, 60, 12, 97, 45, 8, 48, 34, 93, 70, 4, 90, 94, 26, 20, 65, 36, 74, 7, 25, 81, 18, 46, 53, 71, 39, 43, 91]
Shuffled list begin: [72, 56, 33, 27, 40, 14, 77, 17, 28, 15, 84, 0, 75, 79, 67, 85, 82, 52, 13, 5, 51, 88, 60, 12, 97, 45, 8, 48, 34, 93, 70, 4, 90, 94, 26, 20, 65, 36, 74, 7, 25, 81, 18, 46, 53, 71, 39, 43, 91]
Shuffled list begin: [72, 56, 33, 27, 40, 14, 77, 17, 28, 15, 84, 0, 75, 79, 67, 85, 82, 52, 13, 5, 51, 88, 60, 12, 97, 45, 8, 48, 34, 93, 70, 4, 90, 94, 26, 20, 65, 36, 74, 7, 25, 81, 18, 46, 53, 71, 39, 43, 91]
Shuffled list begin: [72, 56, 33, 27, 40, 14, 77, 17, 28, 15, 84, 0, 75, 79, 67, 85, 82, 52, 13, 5, 51, 88, 60, 12, 97, 45, 8, 48, 34, 93, 70, 4, 90, 94, 26, 20, 65, 36, 74, 7, 25, 81, 18, 46, 53, 71, 39, 43, 91]
Shuffled list begin: [72, 56, 33, 27, 40, 14, 77, 17, 28, 15, 84, 0, 75, 79, 67, 85, 82, 52, 13, 5, 51, 88, 60, 12, 97, 45, 8, 48, 34, 93, 70, 4, 90, 94, 26, 20, 65, 36, 74, 7, 25, 81, 18, 46, 53, 71, 39, 43, 91]
Shuffled list begin: [72, 56, 33, 27, 40, 14, 77, 17, 28, 15, 84, 0, 75, 79, 67, 85, 82, 52, 13, 5, 51, 88, 60, 12, 97, 45, 8, 48, 34, 93, 70, 4, 90, 94, 26, 20, 65, 36, 74, 7, 25, 81, 18, 46, 53, 71, 39, 43, 91]
Shuffled list begin: [72, 56, 33, 27, 40, 14, 77, 17, 28, 15, 84, 0, 75, 79, 67, 85, 82, 52, 13, 5, 51, 88, 60, 12, 97, 45, 8, 48, 34, 93, 70, 4, 90, 94, 26, 20, 65, 36, 74, 7, 25, 81, 18, 46, 53, 71, 39, 43, 91]
Shuffled list begin: [72, 56, 33, 27, 40, 14, 77, 17, 28, 15, 84, 0, 75, 79, 67, 85, 82, 52, 13, 5, 51, 88, 60, 12, 97, 45, 8, 48, 34, 93, 70, 4, 90, 94, 26, 20, 65, 36, 74, 7, 25, 81, 18, 46, 53, 71, 39, 43, 91]
Shuffled list begin: [72, 56, 33, 27, 40, 14, 77, 17, 28, 15, 84, 0, 75, 79, 67, 85, 82, 52, 13, 5, 51, 88, 60, 12, 97, 45, 8, 48, 34, 93, 70, 4, 90, 94, 26, 20, 65, 36, 74, 7, 25, 81, 18, 46, 53, 71, 39, 43, 91]
Shuffled list begin: [72, 56, 33, 27, 40, 14, 77, 17, 28, 15, 84, 0, 75, 79, 67, 85, 82, 52, 13, 5, 51, 88, 60, 12, 97, 45, 8, 48, 34, 93, 70, 4, 90, 94, 26, 20, 65, 36, 74, 7, 25, 81, 18, 46, 53, 71, 39, 43, 91]
Shuffled list begin: [72, 56, 33, 27, 40, 14, 77, 17, 28, 15, 84, 0, 75, 79, 67, 85, 82, 52, 13, 5, 51, 88, 60, 12, 97, 45, 8, 48, 34, 93, 70]
72
176.0
Shuffled list end: [56, 33, 27, 40, 14, 77, 17, 28, 15, 84, 0, 75, 79, 67, 85, 82, 52, 13, 5, 51, 88, 60, 12, 97, 45, 8, 48, 34, 93, 70]
Spaceship: 3
current_weight: 2796.7999999999997
current_volume: 9.998
parcel amount: 70
Shuffled list begin: [56, 33, 27, 40, 14, 77, 17, 28, 15, 84, 0, 75, 79, 67, 85, 82, 52, 13, 5, 51, 88, 60, 12, 97, 45, 8, 48, 34, 93, 70]
Shuffled list begin: [56, 33, 27, 40, 14, 77, 17, 28, 15, 84, 0, 75, 79, 67, 85, 82, 52, 13, 5, 51, 88, 60, 12, 97, 45, 8, 48, 34, 93, 70]
Shuffled list begin: [56, 33, 27, 40, 14, 77, 17, 28, 15, 84, 0, 75, 79, 67, 85, 82, 52, 13, 5, 51, 88, 60, 12, 97, 45, 8, 48, 34, 93, 70]
Shuffled list begin: [56, 33, 27, 40, 14, 77, 17, 28, 15, 84, 0, 75, 79, 67, 85, 82, 52, 13, 5, 51, 88, 60, 12, 97, 45, 8, 48, 34, 93, 70]
Shuffled list begin: [56, 33, 27, 40, 14, 77, 17, 28, 15, 84, 0, 75, 79, 67, 85, 82, 52, 13, 5, 51, 88, 60, 12, 97, 45, 8, 48, 34, 93, 70]
Shuffled list begin: [56, 33, 27, 40, 14, 77, 17, 28, 15, 84, 0, 75, 79, 67, 85, 82, 52, 13, 5, 51, 88, 60, 12, 97, 45, 8, 48, 34, 93, 70]
Shuffled list begin: [56, 33, 27, 40, 14, 77, 17, 28, 15, 84, 0, 75, 79, 67, 85, 82, 52, 13, 5, 51, 88, 60, 12, 97, 45, 8, 48, 34, 93, 70]
Shuffled list begin: [56, 33, 27, 40, 14, 77, 17, 28, 15, 84, 0, 75, 79, 67, 85, 82, 52, 13, 5, 51, 88, 60, 12, 97, 45, 8, 48, 34, 93, 70]
Shuffled list begin: [56, 33, 27, 40, 14, 77, 17, 28, 15, 84, 0, 75, 79, 67, 85, 82, 52, 13, 5, 51, 88, 60, 12, 97, 45, 8, 48, 34, 93, 70]
Shuffled list begin: [56, 33, 27, 40, 14, 77, 17, 28, 15, 84, 0, 75, 79, 67, 85, 82, 52, 13, 5, 51, 88, 60, 12, 97, 45, 8, 48, 34, 93, 70]
Shuffled list begin: [56, 33, 27, 40, 14, 77, 17, 28, 15, 84, 0, 75, 79, 67, 85, 82, 52, 13, 5, 51, 88, 60, 12, 97, 45, 8, 48, 34, 93, 70]
Shuffled list begin: [56, 33, 27, 40, 14, 77, 17, 28, 15, 84, 0, 75, 79, 67, 85, 82, 52, 13, 5, 51, 88, 60, 12, 97, 45, 8, 48, 34, 93, 70]
Shuffled list begin: [56, 33, 27, 40, 14, 77, 17, 28, 15, 84, 0, 75, 79, 67, 85, 82, 52, 13, 5, 51, 88, 60, 12, 97, 45, 8, 48, 34, 93, 70]
Shuffled list begin: [56, 33, 27, 40, 14, 77, 17, 28, 15, 84, 0, 75, 79, 67, 85, 82, 52, 13, 5, 51, 88, 60, 12, 97, 45, 8, 48, 34, 93, 70]
Shuffled list begin: [56, 33, 27, 40, 14, 77, 17, 28, 15, 84, 0, 75, 79, 67, 85, 82, 52, 13, 5, 51, 88, 60, 12, 97, 45, 8, 48, 34, 93, 70]
Shuffled list begin: [56, 33, 27, 40, 14, 77, 17, 28, 15, 84, 0, 75, 79, 67, 85, 82, 52, 13, 5, 51, 88, 60, 12, 97, 45, 8, 48, 34, 93, 70]
Shuffled list begin: [56, 33, 27, 40, 14, 77, 17, 28, 15, 84, 0, 75, 79, 67, 85, 82, 52, 13, 5, 51, 88, 60, 12, 97, 45, 8, 48, 34, 93, 70]
Shuffled list begin: [56, 33, 27, 40, 14, 77, 17, 28, 15, 84, 0, 75, 79, 67, 85, 82, 52, 13, 5, 51, 88, 60, 12, 97, 45, 8, 48, 34, 93, 70]
Shuffled list begin: [56, 33, 27, 40, 14, 77, 17, 28, 15, 84, 0, 75, 79, 67, 85, 82, 52, 13, 5, 51, 88, 60, 12, 97, 45, 8, 48, 34, 93, 70]
Shuffled list begin: [56, 33, 27, 40, 14, 77, 17, 28, 15, 84, 0, 75, 79, 67, 85, 82, 52, 13, 5, 51, 88, 60, 12, 97, 45, 8, 48, 34, 93, 70]
Shuffled list begin: [56, 33, 27, 40, 14, 77, 17, 28, 15, 84, 0, 75, 79, 67, 85, 82, 52, 13, 5, 51, 88, 60, 12, 97, 45, 8, 48, 34, 93, 70]
Shuffled list begin: [56, 33, 27, 40, 14, 77, 17, 28, 15, 84, 0, 75, 79, 67, 85, 82, 52, 13, 5, 51, 88, 60, 12, 97, 45, 8, 48, 34, 93, 70]
Shuffled list begin: [56, 33, 27, 40, 14, 77, 17, 28, 15, 84, 0, 75, 79, 67, 85, 82, 52, 13, 5, 51, 88, 60, 12, 97, 45, 8, 48, 34, 93, 70]
Shuffled list begin: [56, 33, 27, 40, 14, 77, 17, 28, 15, 84, 0, 75, 79, 67, 85, 82, 52, 13, 5, 51, 88, 60, 12, 97, 45, 8, 48, 34, 93, 70]
Shuffled list begin: [56, 33, 27, 40, 14, 77, 17, 28, 15, 84, 0, 75, 79, 67, 85, 82, 52, 13, 5, 51, 88, 60, 12, 97, 45, 8, 48, 34, 93, 70]
Shuffled list begin: [56, 33, 27, 40, 14, 77, 17, 28, 15, 84, 0, 75, 79, 67, 85, 82, 52, 13, 5, 51, 88, 60, 12, 97, 45, 8, 48, 34, 93, 70]
Shuffled list begin: [56, 33, 27, 40, 14, 77, 17, 28, 15, 84, 0, 75, 79, 67, 85, 82, 52, 13, 5, 51, 88, 60, 12, 97, 45, 8, 48, 34, 93, 70]
Shuffled list begin: [56, 33, 27, 40, 14, 77, 17, 28, 15, 84, 0, 75, 79, 67, 85, 82, 52, 13, 5, 51, 88, 60, 12, 97, 45, 8, 48, 34, 93, 70]
Shuffled list begin: [56, 33, 27, 40, 14, 77, 17, 28, 15, 84, 0, 75, 79, 67, 85, 82, 52, 13, 5, 51, 88, 60, 12, 97, 45, 8, 48, 34, 93, 70]
19:46:09: Finished running 1 times.
Maximum amount of parcels in ship: 70
